   7.2289157e-01
   6.4516129e-01
   5.5045872e-01
   5.9405941e-01
   8.0000000e-01
   8.1081081e-01
   5.7692308e-01
   5.8252427e-01
   7.0588235e-01
   6.9767442e-01
   5.2631579e-01
   7.1428571e-01
   6.4516129e-01
   6.0606061e-01
   5.8823529e-01
   5.7142857e-01
   5.3097345e-01
   6.9767442e-01
   5.6074766e-01
   5.0420168e-01
   5.8252427e-01
   5.8823529e-01
   6.1855670e-01
   6.4516129e-01
   6.7415730e-01
   5.9405941e-01
   5.4054054e-01
   7.0588235e-01
   6.2500000e-01
   6.7415730e-01
   5.8252427e-01
   6.6666667e-01
   5.8823529e-01
   5.7142857e-01
   7.2289157e-01
   6.5934066e-01
   6.5934066e-01
   5.4545455e-01
   6.2500000e-01
   6.3829787e-01
   6.1224490e-01
   6.9767442e-01
   6.3157895e-01
   6.3157895e-01
   5.4054054e-01
   5.8252427e-01
   8.1081081e-01
   6.0606061e-01
   5.2631579e-01
   4.7619048e-01
   5.3097345e-01
   6.0000000e-01
   5.8823529e-01
   6.3157895e-01
   5.7142857e-01
   5.4545455e-01
   5.4545455e-01
   6.0000000e-01
   5.3097345e-01
   5.4545455e-01
   6.3157895e-01
   5.3571429e-01
   5.8252427e-01
   5.6603774e-01
   4.8780488e-01
   5.3571429e-01
   6.0606061e-01
   6.0606061e-01
   6.5934066e-01
   5.7692308e-01
   5.4545455e-01
   5.6603774e-01
   5.7142857e-01
   5.7142857e-01
   6.7415730e-01
   6.0000000e-01
   5.7142857e-01
   6.3829787e-01
   6.8965517e-01
   5.7692308e-01
   5.4054054e-01
   7.4074074e-01
   6.4516129e-01
   5.4545455e-01
   6.5217391e-01
   5.1282051e-01
   5.9405941e-01
   6.2500000e-01
   6.3829787e-01
   6.3157895e-01
   6.5217391e-01
   5.8252427e-01
   6.8181818e-01
   6.8965517e-01
   5.5555556e-01
   6.0606061e-01
   6.1855670e-01
   6.4516129e-01
   6.4516129e-01
   6.3157895e-01
   5.4054054e-01
   6.4516129e-01
   6.3829787e-01
   5.5555556e-01
   5.4545455e-01
   7.5949367e-01
   5.6074766e-01
   5.5045872e-01
   6.1855670e-01
   5.6074766e-01
   7.2289157e-01
   6.0606061e-01
   5.8252427e-01
   6.4516129e-01
   6.6666667e-01
   5.4545455e-01
   5.5555556e-01
   5.7692308e-01
   4.5801527e-01
   6.8181818e-01
   6.5217391e-01
   5.8823529e-01
   5.0847458e-01
   7.0588235e-01
   5.6603774e-01
   5.6074766e-01
   6.5217391e-01
   5.8823529e-01
   4.9586777e-01
   6.3157895e-01
   5.2631579e-01
   6.3157895e-01
   5.0000000e-01
   5.6603774e-01
   5.8823529e-01
   6.2500000e-01
   6.6666667e-01
   6.2500000e-01
   5.3571429e-01
   5.9405941e-01
   6.6666667e-01
   6.0000000e-01
   6.8181818e-01
   6.2500000e-01
   6.5934066e-01
   5.8252427e-01
   6.5934066e-01
   5.6603774e-01
   4.8000000e-01
   5.2173913e-01
   6.0606061e-01
   6.3157895e-01
   6.5217391e-01
   6.2500000e-01
   6.4516129e-01
   6.3829787e-01
   6.0000000e-01
   4.7619048e-01
   5.4545455e-01
   6.2500000e-01
   5.3097345e-01
   6.4516129e-01
   6.0000000e-01
   5.5555556e-01
   5.2631579e-01
   6.0000000e-01
   6.1855670e-01
   6.2500000e-01
   7.6923077e-01
   5.0420168e-01
   5.2173913e-01
   5.7692308e-01
   5.8252427e-01
   6.0000000e-01
   6.3157895e-01
   6.5934066e-01
   5.9405941e-01
   7.3170732e-01
   6.0000000e-01
   5.9405941e-01
   6.0000000e-01
   7.2289157e-01
   6.5934066e-01
   5.8823529e-01
   5.7142857e-01
   5.8823529e-01
   5.5045872e-01
   6.2500000e-01
   5.7692308e-01
   5.4545455e-01
   7.8947368e-01
   6.1224490e-01
   5.4545455e-01
   6.1855670e-01
   5.6603774e-01
   5.2631579e-01
   5.8823529e-01
   5.6074766e-01
   5.2631579e-01
   6.0000000e-01