   1.4457831e-01
   1.6172507e-01
   1.5424165e-01
   1.6216216e-01
   1.4218009e-01
   1.3513514e-01
   1.4851485e-01
   1.4634146e-01
   1.4354067e-01
   1.4388489e-01
   1.4851485e-01
   1.4634146e-01
   1.4705882e-01
   1.4388489e-01
   1.4634146e-01
   1.4705882e-01
   1.4218009e-01
   1.4742015e-01
   1.5075377e-01
   1.5424165e-01
   1.4851485e-01
   1.5873016e-01
   1.3513514e-01
   1.5625000e-01
   1.5463918e-01
   1.3824885e-01
   1.4423077e-01
   1.4354067e-01
   1.4925373e-01
   1.5306122e-01
   1.4598540e-01
   1.3605442e-01
   1.4218009e-01
   1.5189873e-01
   1.4285714e-01
   1.4962594e-01
   1.4051522e-01
   1.5075377e-01
   1.4925373e-01
   1.5424165e-01
   1.4563107e-01
   1.6438356e-01
   1.4527845e-01
   1.5075377e-01
   1.4962594e-01
   1.4851485e-01
   1.5189873e-01
   1.5345269e-01
   1.5584416e-01
   1.6000000e-01
   1.3888889e-01
   1.5037594e-01
   1.5665796e-01
   1.4084507e-01
   1.4598540e-01
   1.6085791e-01
   1.5228426e-01
   1.3856813e-01
   1.6172507e-01
   1.5424165e-01
   1.4354067e-01
   1.4527845e-01
   1.5424165e-01
   1.4563107e-01
   1.4051522e-01
   1.5113350e-01
   1.4251781e-01
   1.3953488e-01
   1.4778325e-01
   1.4705882e-01
   1.5748031e-01
   1.5873016e-01
   1.4778325e-01
   1.5037594e-01
   1.3729977e-01
   1.3856813e-01
   1.4117647e-01
   1.4018692e-01
   1.4962594e-01
   1.4251781e-01
   1.3856813e-01
   1.4669927e-01
   1.5384615e-01
   1.5748031e-01
   1.4742015e-01
   1.5000000e-01
   1.4354067e-01
   1.3729977e-01
   1.3363029e-01
   1.4742015e-01
   1.3824885e-01
   1.5544041e-01
   1.5665796e-01
   1.5625000e-01
   1.4851485e-01
   1.5424165e-01
   1.5957447e-01
   1.4319809e-01
   1.3953488e-01
   1.4851485e-01
   1.4669927e-01
   1.6260163e-01
   1.5037594e-01
   1.5113350e-01
   1.4851485e-01
   1.5384615e-01
   1.4457831e-01
   1.5424165e-01
   1.4814815e-01
   1.4218009e-01
   1.4563107e-01
   1.4150943e-01
   1.4388489e-01
   1.4319809e-01
   1.5189873e-01
   1.5113350e-01
   1.4634146e-01
   1.4218009e-01
   1.3793103e-01
   1.4457831e-01
   1.4888337e-01
   1.4423077e-01
   1.5873016e-01
   1.4925373e-01
   1.4388489e-01
   1.4778325e-01
   1.4457831e-01
   1.4742015e-01
   1.4705882e-01
   1.4285714e-01
   1.4388489e-01
   1.5113350e-01
   1.5037594e-01
   1.5113350e-01
   1.5306122e-01
   1.5503876e-01
   1.5706806e-01
   1.3824885e-01
   1.4388489e-01
   1.4634146e-01
   1.4814815e-01
   1.4117647e-01
   1.5189873e-01
   1.5000000e-01
   1.6666667e-01
   1.4184397e-01
   1.5306122e-01
   1.5113350e-01
   1.5706806e-01
   1.4423077e-01
   1.3856813e-01
   1.4388489e-01
   1.5000000e-01
   1.3698630e-01
   1.5306122e-01
   1.4634146e-01
   1.4319809e-01
   1.4251781e-01
   1.5463918e-01
   1.5037594e-01
   1.4669927e-01
   1.5748031e-01
   1.4851485e-01
   1.5267176e-01
   1.3953488e-01
   1.6949153e-01
   1.4423077e-01
   1.5000000e-01
   1.4319809e-01
   1.4598540e-01
   1.4851485e-01
   1.4888337e-01
   1.4527845e-01
   1.4705882e-01
   1.6085791e-01
   1.4962594e-01
   1.4598540e-01
   1.4492754e-01
   1.4563107e-01
   1.5424165e-01
   1.5151515e-01
   1.6304348e-01
   1.6901408e-01
   1.5037594e-01
   1.3729977e-01
   1.4150943e-01
   1.5831135e-01
   1.4150943e-01
   1.3986014e-01
   1.5113350e-01
   1.5625000e-01
   1.4388489e-01
   1.4888337e-01
   1.4150943e-01
   1.5000000e-01
   1.5075377e-01
   1.5424165e-01
   1.4814815e-01
   1.6304348e-01
   1.3636364e-01
   1.4888337e-01
   1.4388489e-01
   1.4634146e-01
   1.5228426e-01
   1.5306122e-01
   1.4563107e-01
   1.5306122e-01
   1.4925373e-01
   1.4925373e-01
   1.4925373e-01
   1.5075377e-01
   1.5625000e-01
   1.4457831e-01
   1.5625000e-01
   1.5037594e-01
   1.5957447e-01
   1.4925373e-01
   1.5873016e-01
   1.6260163e-01
   1.5625000e-01
   1.6348774e-01
   1.5228426e-01
   1.5463918e-01
   1.6129032e-01
   1.4669927e-01
   1.5584416e-01
   1.5113350e-01
   1.5189873e-01
   1.3761468e-01
   1.5463918e-01
   1.5584416e-01
   1.4319809e-01
   1.6216216e-01
   1.4051522e-01
   1.6393443e-01
   1.6216216e-01
   1.4018692e-01
   1.4492754e-01
   1.3921114e-01
   1.5544041e-01
   1.3574661e-01
   1.5228426e-01
   1.7341040e-01
   1.5625000e-01
   1.5665796e-01
   1.5151515e-01
   1.5189873e-01
   1.4354067e-01
   1.5706806e-01
   1.3574661e-01
   1.4778325e-01
   1.3483146e-01
   1.6393443e-01
   1.5665796e-01
   1.4492754e-01
   1.5584416e-01
   1.4742015e-01
   1.4457831e-01
   1.6085791e-01
   1.4251781e-01
   1.5113350e-01
   1.6853933e-01
   1.5625000e-01
   1.6042781e-01
   1.5000000e-01
   1.5584416e-01
   1.5665796e-01
   1.4018692e-01
   1.5037594e-01
   1.5503876e-01
   1.5584416e-01
   1.5189873e-01
   1.4962594e-01
   1.5189873e-01
   1.3392857e-01
   1.4742015e-01
   1.5037594e-01
   1.4218009e-01
   1.5789474e-01
   1.5544041e-01
   1.3921114e-01
   1.4705882e-01
   1.4742015e-01
   1.5037594e-01
   1.4778325e-01
   1.6172507e-01
   1.4669927e-01
   1.5189873e-01
   1.5665796e-01
   1.5037594e-01
   1.5544041e-01
   1.5345269e-01
   1.7142857e-01
   1.4705882e-01
   1.4814815e-01
   1.4925373e-01
   1.4388489e-01
   1.4563107e-01
   1.5306122e-01
   1.4778325e-01
   1.5000000e-01
   1.5000000e-01
   1.5706806e-01
   1.4423077e-01
   1.5584416e-01
   1.4598540e-01
   1.5113350e-01
   1.4925373e-01
   1.5424165e-01
   1.4888337e-01
   1.6528926e-01
   1.5873016e-01
   1.5584416e-01
   1.5463918e-01
   1.4563107e-01
   1.4051522e-01
   1.4962594e-01
   1.5228426e-01
   1.5189873e-01
   1.4598540e-01
   1.4634146e-01
   1.6216216e-01
   1.4962594e-01
   1.4742015e-01
   1.5789474e-01
   1.5544041e-01
   1.4814815e-01
   1.4814815e-01
   1.4962594e-01
   1.4962594e-01
   1.5000000e-01
   1.3986014e-01
   1.4084507e-01
   1.5075377e-01
   1.4925373e-01
   1.4962594e-01
   1.5113350e-01
   1.4778325e-01
   1.3856813e-01
   1.4388489e-01
   1.4814815e-01
   1.6129032e-01
   1.4851485e-01
   1.5748031e-01
   1.3761468e-01
   1.6129032e-01
   1.3986014e-01
   1.6574586e-01
   1.6393443e-01
   1.5424165e-01
   1.5424165e-01
   1.3544018e-01
   1.5584416e-01
   1.4150943e-01
   1.4457831e-01
   1.3856813e-01
   1.4962594e-01
   1.5424165e-01
   1.6620499e-01
   1.6000000e-01
   1.4888337e-01
   1.5584416e-01
   1.4598540e-01
   1.5789474e-01
   1.3363029e-01
   1.4285714e-01
   1.4492754e-01
   1.6260163e-01
   1.4184397e-01
   1.5228426e-01
   1.5384615e-01
   1.5037594e-01
   1.4457831e-01
   1.5000000e-01
   1.5037594e-01
   1.4962594e-01
   1.5789474e-01
   1.5873016e-01
   1.5789474e-01
   1.6042781e-01
   1.3761468e-01
   1.5706806e-01
   1.4778325e-01
   1.4778325e-01
   1.5625000e-01
   1.3888889e-01
   1.4814815e-01
   1.3793103e-01
   1.4251781e-01
   1.6574586e-01
   1.5228426e-01
   1.6304348e-01
   1.3986014e-01
   1.4018692e-01
   1.5345269e-01
   1.4925373e-01
   1.3953488e-01
   1.4084507e-01
   1.5584416e-01
   1.5665796e-01
   1.4705882e-01
   1.5915119e-01
   1.5584416e-01
   1.3888889e-01
   1.5544041e-01
   1.5831135e-01
   1.4251781e-01
   1.4251781e-01
   1.5424165e-01
   1.4669927e-01
   1.4563107e-01
   1.5503876e-01
   1.4218009e-01
   1.4285714e-01
   1.4962594e-01
   1.5424165e-01
   1.4563107e-01
   1.5873016e-01
   1.4117647e-01
   1.5424165e-01
   1.6260163e-01
   1.5151515e-01
   1.4018692e-01
   1.6042781e-01
   1.5463918e-01
   1.5000000e-01
   1.5113350e-01
   1.5075377e-01
   1.4388489e-01
   1.4669927e-01
   1.4251781e-01
   1.6713092e-01
   1.3186813e-01
   1.4598540e-01
   1.4150943e-01
   1.4851485e-01
   1.5228426e-01
   1.4018692e-01
   1.4851485e-01
   1.5503876e-01
   1.4669927e-01
   1.5075377e-01
   1.5957447e-01
   1.4527845e-01
   1.4925373e-01
   1.4527845e-01
   1.5228426e-01
   1.5189873e-01
   1.4598540e-01
   1.6574586e-01
   1.4888337e-01
   1.5503876e-01
   1.4319809e-01
   1.6260163e-01
   1.4084507e-01
   1.4669927e-01
   1.5625000e-01
   1.5384615e-01
   1.4669927e-01
   1.3986014e-01
   1.4218009e-01
   1.4962594e-01
   1.4492754e-01
   1.5463918e-01
   1.5665796e-01
   1.5151515e-01
   1.4669927e-01
   1.4563107e-01
   1.5789474e-01
   1.5789474e-01
   1.6172507e-01
   1.6393443e-01
   1.5151515e-01
   1.5037594e-01
   1.5625000e-01
   1.4084507e-01
   1.4814815e-01
   1.4705882e-01
   1.4814815e-01
   1.4084507e-01
   1.6042781e-01
   1.6713092e-01
   1.5831135e-01
   1.6438356e-01
   1.4669927e-01
   1.4051522e-01
   1.6216216e-01
   1.5503876e-01
   1.5113350e-01
   1.7094017e-01
   1.5789474e-01
   1.5189873e-01
   1.5345269e-01
   1.4527845e-01
   1.5151515e-01
   1.5625000e-01
   1.4669927e-01
   1.6260163e-01
   1.3793103e-01
   1.4117647e-01
   1.4218009e-01
   1.5503876e-01
   1.4814815e-01
   1.5189873e-01
   1.5113350e-01
   1.3824885e-01
   1.5748031e-01
   1.5665796e-01
   1.5831135e-01
   1.6216216e-01
   1.6759777e-01
   1.4457831e-01
   1.4423077e-01
   1.5037594e-01
   1.6216216e-01
   1.5503876e-01
   1.3856813e-01
   1.4527845e-01
   1.4888337e-01
   1.4457831e-01
   1.6713092e-01
   1.3698630e-01
   1.4851485e-01
   1.4925373e-01
   1.6000000e-01
   1.5345269e-01
   1.5075377e-01
   1.3986014e-01
   1.5915119e-01
   1.5957447e-01
   1.4051522e-01
   1.5463918e-01
   1.5831135e-01
   1.4150943e-01
   1.4251781e-01
   1.5665796e-01
   1.4925373e-01
   1.5463918e-01
   1.5748031e-01
   1.5584416e-01
   1.4492754e-01
   1.5113350e-01
   1.5463918e-01
   1.5706806e-01
   1.4742015e-01
   1.4778325e-01
   1.4084507e-01
   1.5000000e-01
   1.3921114e-01
   1.5228426e-01
   1.4117647e-01
   1.5037594e-01
   1.4218009e-01
   1.4742015e-01
   1.5267176e-01
   1.6666667e-01
   1.5915119e-01
   1.6853933e-01
   1.4492754e-01
   1.4778325e-01
   1.5748031e-01
   1.4742015e-01
   1.3793103e-01
   1.6172507e-01
   1.7699115e-01
   1.4457831e-01
   1.6620499e-01
   1.3698630e-01
   1.4563107e-01
   1.4669927e-01
   1.5306122e-01
   1.6000000e-01
   1.4634146e-01
   1.5665796e-01
   1.4669927e-01
   1.4492754e-01
   1.4851485e-01
   1.4742015e-01
   1.5113350e-01
   1.4018692e-01
   1.5748031e-01
   1.6042781e-01
   1.6393443e-01
   1.5306122e-01
   1.4634146e-01
   1.5151515e-01
   1.5544041e-01
   1.5000000e-01
   1.3157895e-01
   1.5503876e-01
   1.4778325e-01
   1.6085791e-01
   1.3888889e-01
   1.5151515e-01
   1.4962594e-01
   1.5503876e-01
   1.5544041e-01
   1.4925373e-01
   1.6949153e-01
   1.5544041e-01
   1.5189873e-01
   1.4634146e-01
   1.4669927e-01
   1.4388489e-01
   1.6172507e-01
   1.3483146e-01
   1.5424165e-01
   1.4150943e-01
   1.5503876e-01
   1.6085791e-01
   1.5384615e-01
   1.4814815e-01
   1.4962594e-01
   1.5873016e-01
   1.5789474e-01
   1.3698630e-01
   1.4251781e-01
   1.4669927e-01
   1.3761468e-01
   1.4778325e-01
   1.4527845e-01
   1.5789474e-01
   1.6438356e-01
   1.6260163e-01
   1.4888337e-01
   1.4851485e-01
   1.5424165e-01
   1.4117647e-01
   1.4925373e-01
   1.5789474e-01
   1.5189873e-01
   1.5463918e-01
   1.4285714e-01
   1.4634146e-01
   1.5306122e-01
   1.4319809e-01
   1.3698630e-01
   1.3043478e-01
   1.5665796e-01
   1.5000000e-01
   1.5113350e-01
   1.4634146e-01
   1.5625000e-01
   1.4354067e-01
   1.5189873e-01
   1.3856813e-01
   1.4218009e-01
   1.4705882e-01
   1.5228426e-01
   1.4598540e-01
   1.4742015e-01
   1.6260163e-01
   1.4457831e-01
   1.3986014e-01
   1.6172507e-01
   1.3761468e-01
   1.5584416e-01
   1.4742015e-01
   1.4705882e-01
   1.4563107e-01
   1.4888337e-01
   1.5037594e-01
   1.4814815e-01
   1.6997167e-01
   1.5831135e-01
   1.4018692e-01
   1.4814815e-01
   1.4851485e-01
   1.6853933e-01
   1.4742015e-01
   1.4354067e-01
   1.5584416e-01
   1.6393443e-01
   1.4778325e-01
   1.6574586e-01
   1.5789474e-01
   1.5228426e-01
   1.5037594e-01
   1.5189873e-01
   1.4457831e-01
   1.5706806e-01
   1.3921114e-01
   1.5706806e-01
   1.5113350e-01
   1.4251781e-01
   1.4150943e-01
   1.6042781e-01
   1.4851485e-01
   1.4051522e-01
   1.4851485e-01
   1.4705882e-01
   1.6620499e-01
   1.4218009e-01
   1.5706806e-01
   1.5267176e-01
   1.5584416e-01
   1.5384615e-01
   1.3953488e-01
   1.4051522e-01
   1.4634146e-01
   1.4742015e-01
   1.5267176e-01
   1.3888889e-01
   1.4705882e-01
   1.4084507e-01
   1.5345269e-01
   1.5424165e-01
   1.4851485e-01
   1.5384615e-01
   1.5544041e-01
   1.5151515e-01
   1.4150943e-01
   1.5345269e-01
   1.5503876e-01
   1.4251781e-01
   1.5789474e-01
   1.6713092e-01
   1.4527845e-01
   1.4962594e-01
   1.4563107e-01
   1.5228426e-01
   1.5189873e-01
   1.5463918e-01
   1.5748031e-01
   1.4814815e-01
   1.4925373e-01
   1.5625000e-01
   1.5151515e-01
   1.4669927e-01
   1.5345269e-01
   1.4051522e-01
   1.5306122e-01
   1.4888337e-01
   1.3667426e-01
   1.3888889e-01
   1.3888889e-01
   1.3761468e-01
   1.4423077e-01
   1.5503876e-01
   1.4778325e-01
   1.4851485e-01
   1.5151515e-01
   1.5228426e-01
   1.5789474e-01
   1.6042781e-01
   1.5267176e-01
   1.3422819e-01
   1.3793103e-01
   1.5113350e-01
   1.4285714e-01
   1.4388489e-01
   1.4742015e-01
   1.5189873e-01
   1.5789474e-01
   1.4888337e-01
   1.5267176e-01
   1.5000000e-01
   1.3856813e-01
   1.5345269e-01
   1.4778325e-01
   1.6574586e-01
   1.6348774e-01
   1.4888337e-01
   1.6085791e-01
   1.5831135e-01
   1.3888889e-01
   1.5306122e-01
   1.6348774e-01
   1.4018692e-01
   1.4018692e-01
   1.5267176e-01
   1.4742015e-01
   1.5584416e-01
   1.4962594e-01
   1.5544041e-01
   1.4742015e-01
   1.5424165e-01
   1.4319809e-01
   1.5345269e-01
   1.4814815e-01
   1.5151515e-01
   1.3793103e-01
   1.4851485e-01
   1.3574661e-01
   1.4742015e-01
   1.3483146e-01
   1.6620499e-01
   1.5957447e-01
   1.4319809e-01
   1.4388489e-01
   1.4319809e-01
   1.6901408e-01
   1.4669927e-01
   1.4962594e-01
   1.3793103e-01
   1.4184397e-01
   1.6216216e-01
   1.3729977e-01
   1.3986014e-01
   1.5037594e-01
