   3.0000000e-01
   3.1088083e-01
   3.1578947e-01
   2.9850746e-01
   3.1746032e-01
   3.0150754e-01
   2.8169014e-01
   2.8985507e-01
   2.7027027e-01
   2.8846154e-01
   3.3707865e-01
   2.7522936e-01
   3.2432432e-01
   2.5751073e-01
   3.0769231e-01
   3.0456853e-01
   3.0927835e-01
   2.8169014e-01
   2.8037383e-01
   3.0150754e-01
   3.0769231e-01
   2.7149321e-01
   3.1746032e-01
   2.8436019e-01
   2.9126214e-01
   3.0769231e-01
   3.1250000e-01
   3.0303030e-01
   2.8985507e-01
   3.5087719e-01
   3.5294118e-01
   3.2608696e-01
   2.8436019e-01
   3.1088083e-01
   3.0150754e-01
   3.0927835e-01
   3.0927835e-01
   3.2432432e-01
   3.1413613e-01
   2.7906977e-01
   2.9702970e-01
   3.1914894e-01
   3.0769231e-01
   3.0612245e-01
   2.8846154e-01
   3.3149171e-01
   3.0150754e-01
   3.2432432e-01
   3.0150754e-01
   2.4691358e-01
   2.7777778e-01
   3.1413613e-01
   3.0769231e-01
   3.1413613e-01
   3.0303030e-01
   3.2432432e-01
   3.2258065e-01
   2.9850746e-01
   2.6666667e-01
   2.8571429e-01
   3.2085561e-01
   2.8169014e-01
   3.0769231e-01
   2.9850746e-01
   2.8037383e-01
   2.6086957e-01
   2.9411765e-01
   3.0456853e-01
   2.9850746e-01
   3.5714286e-01
   2.5862069e-01
   2.8436019e-01
   2.9411765e-01
   3.0456853e-01
   2.7906977e-01
   3.0612245e-01
   3.1250000e-01
   2.9126214e-01
   3.4482759e-01
   2.9556650e-01
   3.0150754e-01
   2.9850746e-01
   3.3519553e-01
   3.1413613e-01
   3.0456853e-01
   2.8571429e-01
   2.9126214e-01
   2.8985507e-01
   3.1250000e-01
   3.0000000e-01
   2.8037383e-01
   3.5714286e-01
   2.9850746e-01
   2.6785714e-01
   3.2786885e-01
   2.9850746e-01
   2.8169014e-01
   2.8985507e-01
   2.8169014e-01
   2.7649770e-01
   2.9268293e-01
   3.0769231e-01
   2.5974026e-01
   2.9411765e-01
   3.3149171e-01
   3.2432432e-01
   3.3149171e-01
   2.7522936e-01
   3.0612245e-01
   2.9268293e-01
   2.8708134e-01
   2.8301887e-01
   3.0927835e-01
   3.1578947e-01
   3.4285714e-01
   3.3898305e-01
   3.2258065e-01
   3.1413613e-01
   2.6785714e-01
   2.7906977e-01
   3.1914894e-01
   3.1413613e-01
   2.7522936e-01
   3.0927835e-01
   3.0303030e-01
   3.0000000e-01
   3.0456853e-01
   2.8571429e-01
   2.7272727e-01
   2.9126214e-01
   2.8169014e-01
   2.8037383e-01
   2.7149321e-01
   2.6905830e-01
   3.0000000e-01
   3.3519553e-01
   3.0612245e-01
   3.1413613e-01
   3.0612245e-01
   2.8985507e-01
   2.8169014e-01
   3.0769231e-01
   2.8846154e-01
   3.2608696e-01
   3.0000000e-01
   3.0927835e-01
   2.8985507e-01
   3.2432432e-01
   3.4285714e-01
   2.8037383e-01
   3.2432432e-01
   3.0456853e-01
   3.0927835e-01
   3.0000000e-01
   3.0000000e-01
   2.7906977e-01
   2.7522936e-01
   2.9411765e-01
   3.0456853e-01
   3.0927835e-01
   3.4285714e-01
   2.6666667e-01
   3.1746032e-01
   3.0000000e-01
   3.4883721e-01
   2.9850746e-01
   3.1088083e-01
   2.8985507e-01
   3.1413613e-01
   2.8708134e-01
   2.8985507e-01
   3.1914894e-01
   3.2085561e-01
   3.2967033e-01
   2.9268293e-01
   2.9556650e-01
   3.0612245e-01
   3.2967033e-01
   3.1914894e-01
   3.1413613e-01
   3.0612245e-01
   3.0927835e-01
   3.4883721e-01
   2.8985507e-01
   2.8037383e-01
   3.2432432e-01
   3.2432432e-01
   3.0303030e-01
   3.1413613e-01
   2.7149321e-01
   3.1914894e-01
   3.0612245e-01
   2.9850746e-01
   2.9556650e-01
   3.0769231e-01
   2.7397260e-01
   2.8708134e-01
   3.1914894e-01
   3.2258065e-01
   3.1088083e-01
   3.1578947e-01
   3.0000000e-01
   2.9411765e-01
   3.4090909e-01
   2.8985507e-01
   3.1088083e-01
   3.2432432e-01
   2.9126214e-01
   2.8571429e-01
   3.1914894e-01
   3.2085561e-01
   3.1578947e-01
   3.1578947e-01
   2.7149321e-01
   3.2786885e-01
   3.2608696e-01
   2.9556650e-01
   2.7522936e-01
   2.9411765e-01
   2.9126214e-01
   2.6548673e-01
   2.8301887e-01
   2.6905830e-01
   2.7906977e-01
   3.1088083e-01
   3.0612245e-01
   2.7649770e-01
   3.1578947e-01
   2.7906977e-01
   2.9126214e-01
   2.8708134e-01
   3.5087719e-01
   2.8846154e-01
   2.8436019e-01
   3.0769231e-01
   3.1746032e-01
   3.1578947e-01
   3.2085561e-01
   3.6144578e-01
   3.3707865e-01
   2.7149321e-01
   2.8037383e-01
   3.0612245e-01
   2.9126214e-01
   2.9556650e-01
   2.7777778e-01
   3.1250000e-01
   2.9850746e-01
   2.7906977e-01
   3.0769231e-01
   3.1088083e-01
   3.4883721e-01
   3.1914894e-01
   2.9411765e-01
   2.9702970e-01
   3.1746032e-01
   2.7397260e-01
   2.6548673e-01
   2.8846154e-01
   2.7906977e-01
   3.0456853e-01
   3.2085561e-01
   3.1250000e-01
   3.0303030e-01
   3.0612245e-01
   2.7272727e-01
   3.2608696e-01
   3.1250000e-01
   3.0000000e-01
   3.3707865e-01
   2.7149321e-01
   2.9411765e-01
   3.4883721e-01
   2.8571429e-01
   2.8846154e-01
   2.8301887e-01
   3.0927835e-01
   2.7649770e-01
   3.5087719e-01
   2.8846154e-01
   2.7397260e-01
   3.0927835e-01
   2.7027027e-01
   3.0612245e-01
   3.0612245e-01
   3.2432432e-01
   3.2085561e-01
   2.9702970e-01
   3.2432432e-01
   3.0303030e-01
   2.7027027e-01
   3.1578947e-01
   3.2085561e-01
   3.0769231e-01
   2.7777778e-01
   3.6144578e-01
   2.7649770e-01
   2.8571429e-01
   3.0769231e-01
   3.0150754e-01
   3.1413613e-01
   2.7522936e-01
   3.5928144e-01
   2.7397260e-01
   2.8985507e-01
   3.1250000e-01
   2.9268293e-01
   2.9268293e-01
   2.6315789e-01
   3.0303030e-01
   3.0769231e-01
   2.8301887e-01
   2.8846154e-01
   2.8301887e-01
   2.6666667e-01
   2.8301887e-01
   3.0927835e-01
   3.1088083e-01
   3.0456853e-01
   3.1250000e-01
   3.1088083e-01
   3.2085561e-01
   2.5641026e-01
   2.8436019e-01
   2.8985507e-01
   2.6905830e-01
   2.8985507e-01
   3.0000000e-01
   2.8436019e-01
   3.1088083e-01
   2.4390244e-01
   3.0150754e-01
   3.0769231e-01
   3.0927835e-01
   2.7777778e-01
   2.7027027e-01
   2.7649770e-01
   2.9411765e-01
   2.8436019e-01
   3.1413613e-01
   2.8169014e-01
   2.5974026e-01
   3.2967033e-01
   2.8571429e-01
   3.0000000e-01
   2.8037383e-01
   2.9268293e-01
   3.2432432e-01
   3.4682081e-01
   3.0927835e-01
   2.8985507e-01
   3.0612245e-01
   2.8301887e-01
   2.8571429e-01
   3.2786885e-01
   3.0303030e-01
   3.0303030e-01
   2.7649770e-01
   3.2786885e-01
   2.9556650e-01
   2.8571429e-01
   2.8846154e-01
   3.4090909e-01
   3.0612245e-01
   3.1088083e-01
   3.1746032e-01
   2.8169014e-01
   2.9411765e-01
   2.6200873e-01
   2.7522936e-01
   3.0303030e-01
   2.9411765e-01
   2.7906977e-01
   3.1250000e-01
   2.7397260e-01
   3.0612245e-01
   3.0769231e-01
   3.0000000e-01
   3.0000000e-01
   2.9850746e-01
   3.0927835e-01
   3.4285714e-01
   3.5928144e-01
   2.9702970e-01
   2.9556650e-01
   2.8708134e-01
   3.2258065e-01
   3.2432432e-01
   2.9268293e-01
   3.1578947e-01
   3.2432432e-01
   3.0612245e-01
   3.0769231e-01
   2.9411765e-01
   3.5087719e-01
   2.8846154e-01
   2.8037383e-01
   3.0927835e-01
   2.7777778e-01
   2.8571429e-01
