   9.2307692e-01
   1.1111111e+00
   1.0714286e+00
   1.0909091e+00
   1.1111111e+00
   1.4634146e+00
   1.2000000e+00
   1.2500000e+00
   1.3333333e+00
   8.9552239e-01
   1.2500000e+00
   1.1320755e+00
   1.6666667e+00
   1.1764706e+00
   1.6216216e+00
   1.1111111e+00
   1.2500000e+00
   1.1320755e+00
   1.1538462e+00
   1.0169492e+00
   1.3636364e+00
   1.3333333e+00
   1.1764706e+00
   1.2000000e+00
   1.3953488e+00
   1.1111111e+00
   1.1764706e+00
   1.1538462e+00
   1.0344828e+00
   1.3043478e+00
   9.5238095e-01
   1.0909091e+00
   1.6666667e+00
   1.3043478e+00
   1.3333333e+00
   1.2765957e+00
   1.2244898e+00
   1.0169492e+00
   1.1320755e+00
   1.0169492e+00
   1.2000000e+00
   1.1538462e+00
   1.0344828e+00
   1.2000000e+00
   1.3043478e+00
   1.4285714e+00
   1.1538462e+00
   1.7647059e+00
   1.1320755e+00
   1.2244898e+00
   1.1764706e+00
   1.3636364e+00
   1.2765957e+00
   1.0000000e+00
   1.1111111e+00
   1.0000000e+00
   1.3953488e+00
   1.0909091e+00
   1.0526316e+00
   1.2244898e+00
   1.0909091e+00
   1.1111111e+00
   9.3750000e-01
   1.2000000e+00
   1.4634146e+00
   1.2244898e+00
   9.2307692e-01
   1.3636364e+00
   1.1320755e+00
   1.3636364e+00
   1.1764706e+00
   1.2765957e+00
   1.0909091e+00
   1.1764706e+00
   1.2500000e+00
   8.5714286e-01
   9.3750000e-01
   1.1538462e+00
   1.3636364e+00
   1.0714286e+00
   1.1320755e+00
   1.0526316e+00
   1.2500000e+00
   1.3333333e+00
   1.1538462e+00
   1.2500000e+00
   1.3043478e+00
   1.0344828e+00
   1.0526316e+00
   1.0909091e+00
   1.1764706e+00
   1.4634146e+00
   1.3333333e+00
   1.3636364e+00
   1.2765957e+00
   1.2500000e+00
   1.8750000e+00
   1.8750000e+00
   1.2244898e+00
   1.1320755e+00
