   8.7932202e+00  -1.3340205e+00  -9.1109182e+00   7.6881009e+00   1.0000000e+00   8.0000000e+00   6.5200000e+02
  -8.9076677e+00  -6.2381585e+00   9.7828982e+00  -5.1783189e+00   2.0000000e+00   1.0000000e+00   7.2500000e+02
  -5.6264674e+00   1.1656985e+00   7.4785481e+00   5.3336400e+00   3.0000000e+00   9.0000000e+00   1.0200000e+02
   7.8889551e+00   3.8563683e+00  -8.1700254e+00  -2.5055507e+00   4.0000000e+00   1.2000000e+01   7.3100000e+02
   1.9498038e+00   8.1620483e+00  -1.1519537e+00   3.4955293e+00   5.0000000e+00   1.5000000e+01   5.0600000e+02
  -2.9956397e+00   1.8636915e+00   1.1557793e+00   8.2329485e+00   6.0000000e+00   1.0000000e+01   7.9000000e+01
  -3.1406978e-01  -9.6871061e+00   2.5191957e+00  -1.3944431e+00   7.0000000e+00   2.0000000e+00   2.2300000e+02
  -6.2507839e+00   6.7411289e+00  -5.1904321e+00  -3.8172715e+00   8.0000000e+00   1.3000000e+01   4.3800000e+02
  -5.3923387e+00   8.6598866e-01  -2.0223850e+00   7.0970337e+00   9.0000000e+00   9.0000000e+00   7.6700000e+02
  -9.0489065e+00   7.8566664e+00   6.8312017e+00   5.6970485e+00   1.0000000e+01   1.3000000e+01   7.7200000e+02
  -7.0000549e+00  -3.4791566e+00   5.2204932e-01   8.7132275e+00   1.1000000e+01   5.0000000e+00   1.2700000e+02
   7.1236458e+00   5.9324937e+00   2.7157342e+00   4.5677365e+00   1.2000000e+01   1.6000000e+01   7.7700000e+02
  -4.3699688e+00   4.9701791e+00  -7.0478356e+00   7.9573137e+00   1.3000000e+01   1.0000000e+01   7.6600000e+02
  -7.7929304e+00  -4.8643087e+00   7.8889551e+00   3.8563683e+00   1.4000000e+01   5.0000000e+00   3.8900000e+02
   5.6747296e+00  -5.5937980e+00  -2.1308728e+00  -4.1941141e-02   1.5000000e+01   4.0000000e+00   6.4100000e+02
  -6.1594330e+00  -7.5437001e+00   3.2476372e+00   9.6195632e+00   1.6000000e+01   1.0000000e+00   1.1400000e+02
   9.9077946e+00   8.2039045e+00  -1.3503001e+00  -5.2926645e+00   1.7000000e+01   1.6000000e+01   3.3800000e+02
  -2.1999017e+00   6.5595510e+00   3.5022483e+00   6.7681154e+00   1.8000000e+01   1.4000000e+01   7.3300000e+02
  -8.2584556e+00  -8.1779965e+00   9.3186229e-01   7.9222270e+00   1.9000000e+01   1.0000000e+00   6.3400000e+02
   4.2225710e+00  -3.2373537e+00  -4.1205389e+00   1.0546427e+00   2.0000000e+01   7.0000000e+00   7.6800000e+02
   5.2779589e+00  -4.7233192e+00   1.6449833e+00  -1.8654617e+00   2.1000000e+01   8.0000000e+00   5.2500000e+02
   6.8878431e+00   4.4033161e+00   1.8121731e+00   1.0514436e+00   2.2000000e+01   1.2000000e+01   2.9000000e+01
  -9.0610270e-01  -4.3346420e+00  -7.8874159e+00   3.0269906e+00   2.3000000e+01   6.0000000e+00   6.8000000e+02
   1.0452323e+00   5.1044080e+00   4.9169497e+00   2.8548348e+00   2.4000000e+01   1.5000000e+01   7.4800000e+02
   8.1768162e-01   4.9831946e+00  -1.7874182e+00  -2.1389649e+00   2.5000000e+01   1.1000000e+01   5.4300000e+02
  -2.5287238e+00   4.0413290e+00   4.5902609e+00  -8.6555468e+00   2.6000000e+01   1.0000000e+01   6.0700000e+02
  -1.5777549e+00   6.8897479e+00   2.7157342e+00   4.5677365e+00   2.7000000e+01   1.4000000e+01   5.9500000e+02
   3.5078235e+00   4.7560074e-01   1.2372285e+00   9.0935655e+00   2.8000000e+01   1.1000000e+01   3.1400000e+02
   5.2779589e+00  -4.7233192e+00  -5.0653095e+00  -2.2722020e+00   2.9000000e+01   8.0000000e+00   5.2500000e+02
  -2.1058505e+00   6.2936338e+00   5.6747296e+00  -5.5937980e+00   3.0000000e+01   1.4000000e+01   1.3700000e+02
  -4.8477253e+00   7.0134211e-01   2.6214000e+00   6.4852965e-01   3.1000000e+01   1.0000000e+01   5.6500000e+02
  -4.9041969e+00  -3.9267724e+00   6.2320516e+00  -5.3176400e+00   3.2000000e+01   6.0000000e+00   2.6000000e+01
   7.2542144e+00   6.6837812e+00   6.4344237e+00   3.0734438e-01   3.3000000e+01   1.6000000e+01   2.2200000e+02
  -9.9769789e+00   8.7326466e-01   3.2188912e+00   3.8750515e+00   3.4000000e+01   9.0000000e+00   3.7000000e+01
   5.4057103e+00  -2.5493152e+00  -8.1235995e+00   4.3333948e+00   3.5000000e+01   8.0000000e+00   7.8000000e+01
   5.3366277e+00   6.0593063e+00   5.2700928e+00   5.2517108e+00   3.6000000e+01   1.6000000e+01   6.5900000e+02
  -9.5892845e+00   8.6995817e+00  -5.5144586e+00   9.0158063e+00   3.7000000e+01   1.3000000e+01   5.5600000e+02
  -1.6594210e+00  -4.5715675e+00  -7.4700027e+00   4.5137585e+00   3.8000000e+01   6.0000000e+00   2.5400000e+02
   4.7814445e+00  -5.8453876e+00   5.9566052e+00   6.9274578e+00   3.9000000e+01   3.0000000e+00   7.6100000e+02
   3.3566545e+00  -6.0904647e+00   3.9253267e+00  -4.4942610e+00   4.0000000e+01   3.0000000e+00   2.8000000e+01
   6.7543904e-01  -3.5614563e+00  -7.4869083e+00   8.1890911e+00   4.1000000e+01   7.0000000e+00   3.5100000e+02
  -6.4376609e+00  -6.5021587e+00  -6.7773206e+00  -5.8479393e+00   4.2000000e+01   1.0000000e+00   3.0600000e+02
  -3.0512471e+00  -3.7778072e+00  -3.3412744e+00  -1.9722629e+00   4.3000000e+01   6.0000000e+00   6.1300000e+02
  -8.6610748e+00   6.8273820e+00  -5.8865096e+00   9.5953045e+00   4.4000000e+01   1.3000000e+01   6.3700000e+02
   5.3822877e+00  -1.9984051e+00   1.9442270e+00   9.2311715e+00   4.5000000e+01   8.0000000e+00   1.5000000e+02
  -3.4237157e+00  -4.4121607e+00   1.5241876e+00  -4.2675922e+00   4.6000000e+01   6.0000000e+00   3.9200000e+02
  -9.7932676e+00  -5.1699652e+00   7.5802781e+00  -1.4417816e+00   4.7000000e+01   1.0000000e+00   3.5700000e+02
  -4.1962947e+00  -3.4262078e+00   4.4209324e+00   5.6884619e+00   4.8000000e+01   6.0000000e+00   5.1800000e+02
  -8.7162583e+00  -8.9710341e+00   7.7554191e+00   9.0183040e+00   4.9000000e+01   1.0000000e+00   5.6800000e+02
  -4.6935593e+00  -3.3134116e+00   7.5802781e+00  -1.4417816e+00   5.0000000e+01   6.0000000e+00   6.0400000e+02
  -7.5828086e+00  -5.4262483e+00  -8.1325897e+00   7.1275382e+00   5.1000000e+01   1.0000000e+00   2.2100000e+02
   3.5946780e+00  -9.2163103e+00  -7.8167268e-01   6.7793919e+00   5.2000000e+01   3.0000000e+00   5.4400000e+02
   5.2779589e+00  -4.7233192e+00  -7.9693222e+00   2.1960365e+00   5.3000000e+01   8.0000000e+00   5.2500000e+02
   5.0986653e+00   4.4171134e+00  -1.5309791e-01   9.7655428e+00   5.4000000e+01   1.2000000e+01   1.3100000e+02
   8.9432221e-01  -2.2223245e+00   3.0762405e+00   8.9246031e+00   5.5000000e+01   7.0000000e+00   9.6000000e+01
   9.4119705e+00   9.4299928e+00  -3.4237157e+00  -4.4121607e+00   5.6000000e+01   1.6000000e+01   3.9900000e+02
   4.2225710e+00  -3.2373537e+00   7.1787763e+00   1.0777413e+00   5.7000000e+01   7.0000000e+00   7.6800000e+02
   2.6754837e-01  -2.6562019e+00   8.1272865e+00  -1.8725336e+00   5.8000000e+01   7.0000000e+00   2.7300000e+02
  -6.0750216e+00   5.7805785e+00   9.7683586e+00  -5.1285325e+00   5.9000000e+01   1.3000000e+01   4.6900000e+02
   3.5730461e+00   7.7247008e+00  -4.7044195e+00   6.2190006e+00   6.0000000e+01   1.5000000e+01   1.8000000e+02
  -6.4628988e+00   7.9688827e+00   6.0103410e-01  -7.4546793e+00   6.1000000e+01   1.3000000e+01   6.0200000e+02
   6.9035637e+00   4.6277413e+00  -5.8210665e+00  -3.4657249e-01   6.2000000e+01   1.2000000e+01   2.0500000e+02
   1.9588327e+00   3.0008150e+00  -9.9895525e+00   2.4011011e+00   6.3000000e+01   1.1000000e+01   4.0500000e+02
  -6.7297526e+00   4.1015495e+00  -7.3175413e+00  -9.8530268e+00   6.4000000e+01   9.0000000e+00   5.6000000e+02
  -9.1166886e+00  -9.2723594e+00   5.4057103e+00  -2.5493152e+00   6.5000000e+01   1.0000000e+00   7.1300000e+02
   4.2225710e+00  -3.2373537e+00  -1.9084001e+00  -9.9212839e-01   6.6000000e+01   7.0000000e+00   7.6800000e+02
  -6.2507839e+00   6.7411289e+00   5.1301909e+00   2.0395953e+00   6.7000000e+01   1.3000000e+01   4.3800000e+02
   5.4396077e+00  -4.3009956e+00   3.2530767e+00   4.9506732e+00   6.8000000e+01   8.0000000e+00   1.1100000e+02
   7.2227962e+00   6.5315778e+00   6.2418587e-01  -3.5811793e+00   6.9000000e+01   1.6000000e+01   1.2000000e+02
   1.7197407e+00  -9.1575256e-01  -5.3028014e-01  -3.8450884e+00   7.0000000e+01   7.0000000e+00   2.0700000e+02
  -8.3481455e+00   9.1239230e+00   8.5921773e+00   6.3884448e+00   7.1000000e+01   1.3000000e+01   6.7300000e+02
   1.4932244e+00   6.7254084e+00   2.9639681e+00  -1.9274267e+00   7.2000000e+01   1.5000000e+01   2.0400000e+02
   8.7932202e+00  -1.3340205e+00   3.5328936e+00   2.4800111e+00   7.3000000e+01   8.0000000e+00   6.5200000e+02
   7.3087718e+00   3.9077990e+00   5.4285484e-01  -7.5668309e+00   7.4000000e+01   1.2000000e+01   1.9500000e+02
  -2.0343554e+00  -8.7149271e-01  -2.2645761e+00   6.0074418e+00   7.5000000e+01   6.0000000e+00   7.4400000e+02
  -4.0893233e+00  -3.9963120e+00   4.7268015e+00  -7.6592636e+00   7.6000000e+01   6.0000000e+00   2.8000000e+02
  -3.4486913e+00  -9.7663802e+00   3.0738027e+00   9.4967230e+00   7.7000000e+01   2.0000000e+00   1.5800000e+02
  -5.4431413e+00   1.2411209e+00   2.6237747e+00  -6.0355641e+00   7.8000000e+01   9.0000000e+00   2.0100000e+02
   9.6567040e+00  -6.1802712e+00  -3.6495883e+00   3.0023605e+00   7.9000000e+01   4.0000000e+00   4.9300000e+02
   5.9792056e+00   2.9106901e+00   5.2204932e-01   8.7132275e+00   8.0000000e+01   1.2000000e+01   3.7900000e+02
  -6.5863626e-01   6.6672713e+00  -6.2507839e+00   6.7411289e+00   8.1000000e+01   1.4000000e+01   2.8200000e+02
   5.5693661e-01   2.1486522e+00  -9.1469518e+00   6.6444295e+00   8.2000000e+01   1.1000000e+01   6.6500000e+02
  -6.0750216e+00   5.7805785e+00  -6.3179942e+00   2.3065019e+00   8.3000000e+01   1.3000000e+01   4.6900000e+02
   5.9566052e+00   6.9274578e+00   6.1702819e+00  -7.3132332e+00   8.4000000e+01   1.6000000e+01   4.4000000e+02
   8.5471245e+00  -4.1326413e+00  -3.4833274e+00   3.5691200e-01   8.5000000e+01   8.0000000e+00   7.3400000e+02
   2.2942684e+00   1.4323145e+00  -1.4015718e+00   3.1506108e+00   8.6000000e+01   1.1000000e+01   2.2900000e+02
  -5.5245919e+00   8.0398162e+00  -7.6368960e+00   4.1281446e+00   8.7000000e+01   1.3000000e+01   6.0600000e+02
   9.1476805e+00  -1.4152291e+00  -2.9844651e+00   3.4292578e+00   8.8000000e+01   8.0000000e+00   6.0300000e+02
  -7.9955692e+00  -4.6384800e+00   6.0103410e-01  -7.4546793e+00   8.9000000e+01   5.0000000e+00   3.0500000e+02
  -7.3969710e+00  -5.4022784e+00   2.8888556e+00   7.6803347e+00   9.0000000e+01   1.0000000e+00   4.5500000e+02
   1.5241876e+00  -4.2675922e+00  -2.0343554e+00  -8.7149271e-01   9.1000000e+01   7.0000000e+00   6.1000000e+01
  -5.7285693e-01  -4.6181691e+00   6.2622563e+00  -9.9716188e+00   9.2000000e+01   6.0000000e+00   4.4000000e+01
  -7.9030751e+00  -1.2991856e+00  -7.6501430e+00  -9.8048270e+00   9.3000000e+01   5.0000000e+00   4.2500000e+02
   1.5098972e+00  -9.0067710e-01   5.5448107e+00  -3.2693415e+00   9.4000000e+01   7.0000000e+00   6.2400000e+02
   1.0452323e+00   5.1044080e+00  -9.0310532e+00  -5.1370964e+00   9.5000000e+01   1.5000000e+01   7.4800000e+02
  -7.8060507e+00  -7.0224656e+00  -7.5213544e+00  -7.1368796e+00   9.6000000e+01   1.0000000e+00   1.0400000e+02
  -8.1529532e+00   1.5210691e+00  -2.6469416e+00  -2.5230467e+00   9.7000000e+01   9.0000000e+00   4.5600000e+02
   9.9080214e-01   5.2481610e+00  -8.2666691e+00  -7.6776297e+00   9.8000000e+01   1.5000000e+01   3.7600000e+02
  -6.9268656e+00  -3.3666952e+00   9.6869883e+00  -6.4204969e+00   9.9000000e+01   5.0000000e+00   1.0000000e+01
   9.6879662e+00   6.5247005e-01   9.7828982e+00  -5.1783189e+00   1.0000000e+02   1.2000000e+01   2.7000000e+02
