   8.7932202e+00  -1.3340205e+00  -3.3581433e+00   8.1819638e+00   1.0000000e+00   8.0000000e+00   6.5200000e+02
  -8.9076677e+00  -6.2381585e+00  -8.2549013e-01   6.5906565e+00   2.0000000e+00   1.0000000e+00   7.2500000e+02
  -5.6264674e+00   1.1656985e+00  -8.4530638e+00  -3.7628011e+00   3.0000000e+00   9.0000000e+00   1.0200000e+02
   7.8889551e+00   3.8563683e+00  -2.9541183e-01   1.5211180e+00   4.0000000e+00   1.2000000e+01   7.3100000e+02
   1.9498038e+00   8.1620483e+00   8.4735123e+00  -4.1030909e-01   5.0000000e+00   1.5000000e+01   5.0600000e+02
  -2.9956397e+00   1.8636915e+00  -6.7297526e+00   4.1015495e+00   6.0000000e+00   1.0000000e+01   7.9000000e+01
  -3.1406978e-01  -9.6871061e+00  -2.8078736e+00  -9.7250291e-01   7.0000000e+00   2.0000000e+00   2.2300000e+02
  -6.2507839e+00   6.7411289e+00  -5.5191994e+00  -9.0761689e+00   8.0000000e+00   1.3000000e+01   4.3800000e+02
  -5.3923387e+00   8.6598866e-01  -4.6187683e+00  -9.5688823e+00   9.0000000e+00   9.0000000e+00   7.6700000e+02
  -9.0489065e+00   7.8566664e+00   8.9586624e+00   1.5697662e-01   1.0000000e+01   1.3000000e+01   7.7200000e+02
  -7.0000549e+00  -3.4791566e+00  -7.9030751e+00  -1.2991856e+00   1.1000000e+01   5.0000000e+00   1.2700000e+02
   7.1236458e+00   5.9324937e+00  -5.1904321e+00  -3.8172715e+00   1.2000000e+01   1.6000000e+01   7.7700000e+02
  -4.3699688e+00   4.9701791e+00  -8.5709437e+00   2.9025757e+00   1.3000000e+01   1.0000000e+01   7.6600000e+02
  -7.7929304e+00  -4.8643087e+00   8.9115838e+00   2.6666716e+00   1.4000000e+01   5.0000000e+00   3.8900000e+02
   5.6747296e+00  -5.5937980e+00   6.3228021e+00   8.5333975e-01   1.5000000e+01   4.0000000e+00   6.4100000e+02
  -6.1594330e+00  -7.5437001e+00  -5.1819001e+00  -3.0663650e+00   1.6000000e+01   1.0000000e+00   1.1400000e+02
   9.9077946e+00   8.2039045e+00  -7.7543208e+00  -8.1697367e+00   1.7000000e+01   1.6000000e+01   3.3800000e+02
  -2.1999017e+00   6.5595510e+00   2.4191729e+00   3.3958029e-01   1.8000000e+01   1.4000000e+01   7.3300000e+02
  -8.2584556e+00  -8.1779965e+00   2.2692147e+00  -8.5589690e+00   1.9000000e+01   1.0000000e+00   6.3400000e+02
   4.2225710e+00  -3.2373537e+00  -2.0640136e+00  -8.7794214e+00   2.0000000e+01   7.0000000e+00   7.6800000e+02
   5.2779589e+00  -4.7233192e+00   1.5098972e+00  -9.0067710e-01   2.1000000e+01   8.0000000e+00   5.2500000e+02
   6.8878431e+00   4.4033161e+00  -3.3581433e+00   8.1819638e+00   2.2000000e+01   1.2000000e+01   2.9000000e+01
  -9.0610270e-01  -4.3346420e+00  -7.6120750e+00   4.2405905e-01   2.3000000e+01   6.0000000e+00   6.8000000e+02
   1.0452323e+00   5.1044080e+00   7.8150423e+00   5.6846520e+00   2.4000000e+01   1.5000000e+01   7.4800000e+02
   8.1768162e-01   4.9831946e+00   3.4286228e+00   3.8961039e+00   2.5000000e+01   1.1000000e+01   5.4300000e+02
  -2.5287238e+00   4.0413290e+00  -5.8118983e+00  -8.4386189e+00   2.6000000e+01   1.0000000e+01   6.0700000e+02
  -1.5777549e+00   6.8897479e+00   6.5161772e+00   9.7132600e-01   2.7000000e+01   1.4000000e+01   5.9500000e+02
   3.5078235e+00   4.7560074e-01   6.1744514e-01  -2.0578231e+00   2.8000000e+01   1.1000000e+01   3.1400000e+02
   5.2779589e+00  -4.7233192e+00   3.8506397e+00  -6.2242005e+00   2.9000000e+01   8.0000000e+00   5.2500000e+02
  -2.1058505e+00   6.2936338e+00  -5.2711013e+00  -6.8699631e+00   3.0000000e+01   1.4000000e+01   1.3700000e+02
  -4.8477253e+00   7.0134211e-01   2.8388124e+00  -6.2844347e+00   3.1000000e+01   1.0000000e+01   5.6500000e+02
  -4.9041969e+00  -3.9267724e+00  -1.7219850e+00   7.1433742e+00   3.2000000e+01   6.0000000e+00   2.6000000e+01
   7.2542144e+00   6.6837812e+00  -2.8078736e+00  -9.7250291e-01   3.3000000e+01   1.6000000e+01   2.2200000e+02
  -9.9769789e+00   8.7326466e-01  -5.3923387e+00   8.6598866e-01   3.4000000e+01   9.0000000e+00   3.7000000e+01
   5.4057103e+00  -2.5493152e+00   9.7782323e+00   9.3210550e+00   3.5000000e+01   8.0000000e+00   7.8000000e+01
   5.3366277e+00   6.0593063e+00  -6.9281925e+00  -6.1246813e+00   3.6000000e+01   1.6000000e+01   6.5900000e+02
  -9.5892845e+00   8.6995817e+00  -2.0860022e-01   1.9917110e+00   3.7000000e+01   1.3000000e+01   5.5600000e+02
  -1.6594210e+00  -4.5715675e+00   7.8877875e+00  -8.5351313e+00   3.8000000e+01   6.0000000e+00   2.5400000e+02
   4.7814445e+00  -5.8453876e+00   8.4735123e+00  -4.1030909e-01   3.9000000e+01   3.0000000e+00   7.6100000e+02
   3.3566545e+00  -6.0904647e+00   8.3484868e+00  -7.3299228e+00   4.0000000e+01   3.0000000e+00   2.8000000e+01
   6.7543904e-01  -3.5614563e+00   1.4932244e+00   6.7254084e+00   4.1000000e+01   7.0000000e+00   3.5100000e+02
  -6.4376609e+00  -6.5021587e+00   3.5730461e+00   7.7247008e+00   4.2000000e+01   1.0000000e+00   3.0600000e+02
  -3.0512471e+00  -3.7778072e+00  -6.4998053e+00  -3.2928350e-02   4.3000000e+01   6.0000000e+00   6.1300000e+02
  -8.6610748e+00   6.8273820e+00  -2.9093139e+00   7.1379266e+00   4.4000000e+01   1.3000000e+01   6.3700000e+02
   5.3822877e+00  -1.9984051e+00  -7.3213750e+00   7.3377411e+00   4.5000000e+01   8.0000000e+00   1.5000000e+02
  -3.4237157e+00  -4.4121607e+00   6.0103410e-01  -7.4546793e+00   4.6000000e+01   6.0000000e+00   3.9200000e+02
  -9.7932676e+00  -5.1699652e+00  -6.9281925e+00  -6.1246813e+00   4.7000000e+01   1.0000000e+00   3.5700000e+02
  -4.1962947e+00  -3.4262078e+00   5.5760448e+00  -1.9301771e+00   4.8000000e+01   6.0000000e+00   5.1800000e+02
  -8.7162583e+00  -8.9710341e+00   1.1557793e+00   8.2329485e+00   4.9000000e+01   1.0000000e+00   5.6800000e+02
  -4.6935593e+00  -3.3134116e+00  -3.2830205e+00   8.7875953e+00   5.0000000e+01   6.0000000e+00   6.0400000e+02
  -7.5828086e+00  -5.4262483e+00  -2.1999017e+00   6.5595510e+00   5.1000000e+01   1.0000000e+00   2.2100000e+02
   3.5946780e+00  -9.2163103e+00   9.3729866e+00  -9.6148505e+00   5.2000000e+01   3.0000000e+00   5.4400000e+02
   5.2779589e+00  -4.7233192e+00   5.6035106e+00   2.5051036e+00   5.3000000e+01   8.0000000e+00   5.2500000e+02
   5.0986653e+00   4.4171134e+00  -4.0530637e+00   1.8318882e+00   5.4000000e+01   1.2000000e+01   1.3100000e+02
   8.9432221e-01  -2.2223245e+00  -8.7681867e+00   3.9923397e+00   5.5000000e+01   7.0000000e+00   9.6000000e+01
   9.4119705e+00   9.4299928e+00  -9.5670037e+00  -7.3021504e-01   5.6000000e+01   1.6000000e+01   3.9900000e+02
   4.2225710e+00  -3.2373537e+00  -7.8858115e+00   5.2577419e+00   5.7000000e+01   7.0000000e+00   7.6800000e+02
   2.6754837e-01  -2.6562019e+00  -9.6722459e-01  -2.9176707e+00   5.8000000e+01   7.0000000e+00   2.7300000e+02
  -6.0750216e+00   5.7805785e+00   7.8095136e+00   4.9532568e+00   5.9000000e+01   1.3000000e+01   4.6900000e+02
   3.5730461e+00   7.7247008e+00   6.8878431e+00   4.4033161e+00   6.0000000e+01   1.5000000e+01   1.8000000e+02
  -6.4628988e+00   7.9688827e+00  -9.6084475e+00  -2.4861572e+00   6.1000000e+01   1.3000000e+01   6.0200000e+02
   6.9035637e+00   4.6277413e+00   5.7814703e+00   6.0184176e+00   6.2000000e+01   1.2000000e+01   2.0500000e+02
   1.9588327e+00   3.0008150e+00   5.9792056e+00   2.9106901e+00   6.3000000e+01   1.1000000e+01   4.0500000e+02
  -6.7297526e+00   4.1015495e+00   3.4286228e+00   3.8961039e+00   6.4000000e+01   9.0000000e+00   5.6000000e+02
  -9.1166886e+00  -9.2723594e+00   2.6754837e-01  -2.6562019e+00   6.5000000e+01   1.0000000e+00   7.1300000e+02
   4.2225710e+00  -3.2373537e+00   9.7586947e+00   6.7651118e+00   6.6000000e+01   7.0000000e+00   7.6800000e+02
  -6.2507839e+00   6.7411289e+00  -2.4520891e+00  -8.3150590e+00   6.7000000e+01   1.3000000e+01   4.3800000e+02
   5.4396077e+00  -4.3009956e+00   2.0998128e+00  -1.9206126e+00   6.8000000e+01   8.0000000e+00   1.1100000e+02
   7.2227962e+00   6.5315778e+00   7.3087718e+00   3.9077990e+00   6.9000000e+01   1.6000000e+01   1.2000000e+02
   1.7197407e+00  -9.1575256e-01   8.5471245e+00  -4.1326413e+00   7.0000000e+01   7.0000000e+00   2.0700000e+02
  -8.3481455e+00   9.1239230e+00   5.3805817e+00  -7.8133152e+00   7.1000000e+01   1.3000000e+01   6.7300000e+02
   1.4932244e+00   6.7254084e+00  -3.0512471e+00  -3.7778072e+00   7.2000000e+01   1.5000000e+01   2.0400000e+02
   8.7932202e+00  -1.3340205e+00  -2.0641697e+00   6.6374268e+00   7.3000000e+01   8.0000000e+00   6.5200000e+02
   7.3087718e+00   3.9077990e+00  -2.7517708e+00  -7.5562170e+00   7.4000000e+01   1.2000000e+01   1.9500000e+02
  -2.0343554e+00  -8.7149271e-01  -7.6120750e+00   4.2405905e-01   7.5000000e+01   6.0000000e+00   7.4400000e+02
  -4.0893233e+00  -3.9963120e+00   6.2418587e-01  -3.5811793e+00   7.6000000e+01   6.0000000e+00   2.8000000e+02
  -3.4486913e+00  -9.7663802e+00   4.9723774e+00   1.1764110e+00   7.7000000e+01   2.0000000e+00   1.5800000e+02
  -5.4431413e+00   1.2411209e+00  -6.2507839e+00   6.7411289e+00   7.8000000e+01   9.0000000e+00   2.0100000e+02
   9.6567040e+00  -6.1802712e+00  -8.7590956e+00  -3.3485719e+00   7.9000000e+01   4.0000000e+00   4.9300000e+02
   5.9792056e+00   2.9106901e+00  -7.5025448e+00   4.2331341e+00   8.0000000e+01   1.2000000e+01   3.7900000e+02
  -6.5863626e-01   6.6672713e+00  -3.6495883e+00   3.0023605e+00   8.1000000e+01   1.4000000e+01   2.8200000e+02
   5.5693661e-01   2.1486522e+00   3.5946780e+00  -9.2163103e+00   8.2000000e+01   1.1000000e+01   6.6500000e+02
  -6.0750216e+00   5.7805785e+00  -9.4814917e-01  -8.9227415e+00   8.3000000e+01   1.3000000e+01   4.6900000e+02
   5.9566052e+00   6.9274578e+00   3.8948647e+00   8.5896894e+00   8.4000000e+01   1.6000000e+01   4.4000000e+02
   8.5471245e+00  -4.1326413e+00   1.7605211e+00   3.0916910e-01   8.5000000e+01   8.0000000e+00   7.3400000e+02
   2.2942684e+00   1.4323145e+00  -8.7162583e+00  -8.9710341e+00   8.6000000e+01   1.1000000e+01   2.2900000e+02
  -5.5245919e+00   8.0398162e+00   3.9333440e+00   6.3778339e-01   8.7000000e+01   1.3000000e+01   6.0600000e+02
   9.1476805e+00  -1.4152291e+00   8.9432221e-01  -2.2223245e+00   8.8000000e+01   8.0000000e+00   6.0300000e+02
  -7.9955692e+00  -4.6384800e+00   9.7586947e+00   6.7651118e+00   8.9000000e+01   5.0000000e+00   3.0500000e+02
  -7.3969710e+00  -5.4022784e+00   5.2204932e-01   8.7132275e+00   9.0000000e+01   1.0000000e+00   4.5500000e+02
   1.5241876e+00  -4.2675922e+00   1.1333967e+00  -9.9760321e+00   9.1000000e+01   7.0000000e+00   6.1000000e+01
  -5.7285693e-01  -4.6181691e+00   3.6312086e+00  -6.0840404e+00   9.2000000e+01   6.0000000e+00   4.4000000e+01
  -7.9030751e+00  -1.2991856e+00  -9.5670037e+00  -7.3021504e-01   9.3000000e+01   5.0000000e+00   4.2500000e+02
   1.5098972e+00  -9.0067710e-01  -3.3412744e+00  -1.9722629e+00   9.4000000e+01   7.0000000e+00   6.2400000e+02
   1.0452323e+00   5.1044080e+00   3.6312086e+00  -6.0840404e+00   9.5000000e+01   1.5000000e+01   7.4800000e+02
  -7.8060507e+00  -7.0224656e+00  -6.0668362e+00   7.8185764e+00   9.6000000e+01   1.0000000e+00   1.0400000e+02
  -8.1529532e+00   1.5210691e+00   4.3914027e+00  -7.5194817e+00   9.7000000e+01   9.0000000e+00   4.5600000e+02
   9.9080214e-01   5.2481610e+00   2.0527644e+00  -1.8508098e+00   9.8000000e+01   1.5000000e+01   3.7600000e+02
  -6.9268656e+00  -3.3666952e+00   4.7728058e+00  -2.7993792e+00   9.9000000e+01   5.0000000e+00   1.0000000e+01
   9.6879662e+00   6.5247005e-01   3.6819213e+00  -4.2978383e+00   1.0000000e+02   1.2000000e+01   2.7000000e+02
  -9.1109182e+00   7.6881009e+00  -8.0281181e+00   5.8719805e-01   1.0100000e+02   1.3000000e+01   1.3000000e+02
   9.7828982e+00  -5.1783189e+00   5.1619855e+00   1.3871637e+00   1.0200000e+02   4.0000000e+00   6.3600000e+02
   7.4785481e+00   5.3336400e+00  -5.5144586e+00   9.0158063e+00   1.0300000e+02   1.6000000e+01   2.4900000e+02
  -8.1700254e+00  -2.5055507e+00   3.2188912e+00   3.8750515e+00   1.0400000e+02   5.0000000e+00   4.2300000e+02
  -1.1519537e+00   3.4955293e+00  -5.8804897e+00  -7.9849898e+00   1.0500000e+02   1.0000000e+01   1.3300000e+02
   1.1557793e+00   8.2329485e+00   8.9432221e-01  -2.2223245e+00   1.0600000e+02   1.5000000e+01   4.8200000e+02
   2.5191957e+00  -1.3944431e+00   2.3894311e+00  -8.9712789e+00   1.0700000e+02   7.0000000e+00   2.1100000e+02
  -5.1904321e+00  -3.8172715e+00  -9.5113197e+00   7.4295304e+00   1.0800000e+02   5.0000000e+00   5.2400000e+02
  -2.0223850e+00   7.0970337e+00   5.9670173e+00  -7.0430106e+00   1.0900000e+02   1.4000000e+01   5.5200000e+02
   6.8312017e+00   5.6970485e+00   1.1663840e+00  -2.3470754e+00   1.1000000e+02   1.6000000e+01   5.9900000e+02
   5.2204932e-01   8.7132275e+00  -7.8048990e+00   2.8463047e+00   1.1100000e+02   1.5000000e+01   3.6100000e+02
   2.7157342e+00   4.5677365e+00  -4.1962947e+00  -3.4262078e+00   1.1200000e+02   1.1000000e+01   6.8000000e+01
  -7.0478356e+00   7.9573137e+00  -7.8048990e+00   2.8463047e+00   1.1300000e+02   1.3000000e+01   1.8400000e+02
   7.8889551e+00   3.8563683e+00   6.2907955e+00  -9.6665057e+00   1.1400000e+02   1.2000000e+01   7.3100000e+02
  -2.1308728e+00  -4.1941141e-02   5.6386393e+00   8.6579579e+00   1.1500000e+02   6.0000000e+00   1.2200000e+02
   3.2476372e+00   9.6195632e+00   3.3424060e+00   1.8533351e+00   1.1600000e+02   1.5000000e+01   6.6100000e+02
  -1.3503001e+00  -5.2926645e+00  -3.6295151e+00  -1.2763009e+00   1.1700000e+02   2.0000000e+00   4.3100000e+02
   3.5022483e+00   6.7681154e+00   2.2692147e+00  -8.5589690e+00   1.1800000e+02   1.5000000e+01   7.9700000e+02
   9.3186229e-01   7.9222270e+00   7.3988206e+00   8.6745132e+00   1.1900000e+02   1.5000000e+01   6.3000000e+01
  -4.1205389e+00   1.0546427e+00   2.1477843e+00  -2.7508144e+00   1.2000000e+02   1.0000000e+01   3.5500000e+02
   1.6449833e+00  -1.8654617e+00  -7.3175413e+00  -9.8530268e+00   1.2100000e+02   7.0000000e+00   8.6000000e+01
   1.8121731e+00   1.0514436e+00   3.3583224e+00  -6.9168110e+00   1.2200000e+02   1.1000000e+01   7.7000000e+02
  -7.8874159e+00   3.0269906e+00  -3.3834201e+00  -7.6158548e+00   1.2300000e+02   9.0000000e+00   4.0000000e+00
   4.9169497e+00   2.8548348e+00  -9.0989779e+00   8.5626226e-01   1.2400000e+02   1.1000000e+01   6.2000000e+02
  -1.7874182e+00  -2.1389649e+00  -4.1170273e+00  -6.6046587e+00   1.2500000e+02   6.0000000e+00   6.5400000e+02
   4.5902609e+00  -8.6555468e+00   8.2113998e+00  -9.8133498e+00   1.2600000e+02   3.0000000e+00   6.9500000e+02
   2.7157342e+00   4.5677365e+00  -3.5507921e+00   9.8340744e+00   1.2700000e+02   1.1000000e+01   6.8000000e+01
   1.2372285e+00   9.0935655e+00   4.6210166e+00  -7.4892754e+00   1.2800000e+02   1.5000000e+01   3.2000000e+02
  -5.0653095e+00  -2.2722020e+00  -2.4520891e+00  -8.3150590e+00   1.2900000e+02   5.0000000e+00   2.0800000e+02
   5.6747296e+00  -5.5937980e+00   8.6570714e+00   3.4645197e+00   1.3000000e+02   4.0000000e+00   6.4100000e+02
   2.6214000e+00   6.4852965e-01   3.0739978e+00  -5.3641678e+00   1.3100000e+02   1.1000000e+01   3.4600000e+02
   6.2320516e+00  -5.3176400e+00  -8.2549013e-01   6.5906565e+00   1.3200000e+02   4.0000000e+00   7.2900000e+02
   6.4344237e+00   3.0734438e-01  -5.2525396e+00  -6.9610584e+00   1.3300000e+02   1.2000000e+01   1.4600000e+02
   3.2188912e+00   3.8750515e+00  -7.9030751e+00  -1.2991856e+00   1.3400000e+02   1.1000000e+01   2.1200000e+02
  -8.1235995e+00   4.3333948e+00   6.8642668e+00  -1.6274917e+00   1.3500000e+02   9.0000000e+00   1.1700000e+02
   5.2700928e+00   5.2517108e+00   4.4544908e+00   3.8880782e+00   1.3600000e+02   1.6000000e+01   1.0900000e+02
  -5.5144586e+00   9.0158063e+00  -6.3063600e-01  -4.7025481e+00   1.3700000e+02   1.3000000e+01   6.9600000e+02
  -7.4700027e+00   4.5137585e+00   7.8877875e+00  -8.5351313e+00   1.3800000e+02   9.0000000e+00   4.6400000e+02
   5.9566052e+00   6.9274578e+00  -9.4973003e+00  -1.8508852e+00   1.3900000e+02   1.6000000e+01   4.4000000e+02
   3.9253267e+00  -4.4942610e+00  -6.9630895e+00  -3.1671179e+00   1.4000000e+02   7.0000000e+00   1.1600000e+02
  -7.4869083e+00   8.1890911e+00  -3.9738787e+00  -1.1230833e+00   1.4100000e+02   1.3000000e+01   6.8300000e+02
  -6.7773206e+00  -5.8479393e+00   7.2227962e+00   6.5315778e+00   1.4200000e+02   1.0000000e+00   4.9800000e+02
  -3.3412744e+00  -1.9722629e+00  -6.0750216e+00   5.7805785e+00   1.4300000e+02   6.0000000e+00   2.8100000e+02
  -5.8865096e+00   9.5953045e+00  -8.3303437e+00   4.6854221e+00   1.4400000e+02   1.3000000e+01   4.1100000e+02
   1.9442270e+00   9.2311715e+00   8.3198249e+00  -4.2810629e+00   1.4500000e+02   1.5000000e+01   3.2200000e+02
   1.5241876e+00  -4.2675922e+00  -4.6935593e+00  -3.3134116e+00   1.4600000e+02   7.0000000e+00   6.1000000e+01
   7.5802781e+00  -1.4417816e+00   7.3087718e+00   3.9077990e+00   1.4700000e+02   8.0000000e+00   1.9200000e+02
   4.4209324e+00   5.6884619e+00  -3.2380456e+00  -9.0252281e+00   1.4800000e+02   1.5000000e+01   9.9000000e+01
   7.7554191e+00   9.0183040e+00   9.2898880e-01   9.8848602e+00   1.4900000e+02   1.6000000e+01   1.4800000e+02
   7.5802781e+00  -1.4417816e+00  -3.0424161e+00  -8.2636980e+00   1.5000000e+02   8.0000000e+00   1.9200000e+02
  -8.1325897e+00   7.1275382e+00   3.0490215e+00  -5.7796270e-01   1.5100000e+02   1.3000000e+01   3.3400000e+02
  -7.8167268e-01   6.7793919e+00   8.2426495e+00  -8.6328556e+00   1.5200000e+02   1.4000000e+01   4.0000000e+01
  -7.9693222e+00   2.1960365e+00   4.9723774e+00   1.1764110e+00   1.5300000e+02   9.0000000e+00   7.2300000e+02
  -1.5309791e-01   9.7655428e+00  -1.1992881e+00   9.2486281e+00   1.5400000e+02   1.4000000e+01   7.5600000e+02
   3.0762405e+00   8.9246031e+00  -3.2380456e+00  -9.0252281e+00   1.5500000e+02   1.5000000e+01   3.9300000e+02
  -3.4237157e+00  -4.4121607e+00   3.6104217e-01   8.6008125e+00   1.5600000e+02   6.0000000e+00   3.9200000e+02
   7.1787763e+00   1.0777413e+00   4.5732336e+00  -1.1873064e+00   1.5700000e+02   1.2000000e+01   2.7100000e+02
   8.1272865e+00  -1.8725336e+00  -4.0530637e+00   1.8318882e+00   1.5800000e+02   8.0000000e+00   7.2100000e+02
   9.7683586e+00  -5.1285325e+00   1.6289298e+00  -2.2013869e+00   1.5900000e+02   4.0000000e+00   2.9600000e+02
  -4.7044195e+00   6.2190006e+00  -3.4486913e+00  -9.7663802e+00   1.6000000e+02   1.4000000e+01   8.9000000e+01
   6.0103410e-01  -7.4546793e+00   9.7660452e+00  -3.4411681e+00   1.6100000e+02   3.0000000e+00   6.2500000e+02
  -5.8210665e+00  -3.4657249e-01   1.0856285e-01   8.0871096e+00   1.6200000e+02   5.0000000e+00   3.1200000e+02
  -9.9895525e+00   2.4011011e+00   7.9178315e+00   7.7084019e+00   1.6300000e+02   9.0000000e+00   1.9400000e+02
  -7.3175413e+00  -9.8530268e+00   8.1030712e+00  -2.4797777e+00   1.6400000e+02   1.0000000e+00   3.2400000e+02
   5.4057103e+00  -2.5493152e+00   2.5469300e+00  -8.1402215e+00   1.6500000e+02   8.0000000e+00   7.8000000e+01
  -1.9084001e+00  -9.9212839e-01   4.9109215e+00  -6.5229393e+00   1.6600000e+02   6.0000000e+00   1.0600000e+02
   5.1301909e+00   2.0395953e+00  -5.6439681e+00   2.7864752e+00   1.6700000e+02   1.2000000e+01   7.5400000e+02
   3.2530767e+00   4.9506732e+00   8.4916179e+00   1.9329421e+00   1.6800000e+02   1.1000000e+01   7.6500000e+02
   6.2418587e-01  -3.5811793e+00  -7.0320117e-01  -9.9739886e+00   1.6900000e+02   7.0000000e+00   4.6100000e+02
  -5.3028014e-01  -3.8450884e+00   6.5116763e+00   7.7547843e+00   1.7000000e+02   6.0000000e+00   4.8000000e+01
   8.5921773e+00   6.3884448e+00   7.1328381e-01  -9.0073620e+00   1.7100000e+02   1.6000000e+01   1.8800000e+02
   2.9639681e+00  -1.9274267e+00   6.7560637e+00   8.1756646e-01   1.7200000e+02   7.0000000e+00   2.8300000e+02
   3.5328936e+00   2.4800111e+00  -8.9584422e+00   8.7711573e+00   1.7300000e+02   1.1000000e+01   6.5700000e+02
   5.4285484e-01  -7.5668309e+00   7.8877875e+00  -8.5351313e+00   1.7400000e+02   3.0000000e+00   1.3000000e+01
  -2.2645761e+00   6.0074418e+00   6.7543904e-01  -3.5614563e+00   1.7500000e+02   1.4000000e+01   3.5000000e+01
   4.7268015e+00  -7.6592636e+00   2.0527644e+00  -1.8508098e+00   1.7600000e+02   3.0000000e+00   1.3600000e+02
   3.0738027e+00   9.4967230e+00   2.5469300e+00  -8.1402215e+00   1.7700000e+02   1.5000000e+01   5.2000000e+02
   2.6237747e+00  -6.0355641e+00   3.7559217e+00  -1.2298235e+00   1.7800000e+02   3.0000000e+00   5.8600000e+02
  -3.6495883e+00   3.0023605e+00   8.4466400e+00  -6.8856034e+00   1.7900000e+02   1.0000000e+01   5.1900000e+02
   5.2204932e-01   8.7132275e+00  -9.1540440e+00  -4.2583077e+00   1.8000000e+02   1.5000000e+01   3.6100000e+02
  -6.2507839e+00   6.7411289e+00  -2.2345674e+00  -4.3035255e+00   1.8100000e+02   1.3000000e+01   4.3800000e+02
  -9.1469518e+00   6.6444295e+00  -8.0180944e+00   1.6549361e+00   1.8200000e+02   1.3000000e+01   2.3800000e+02
  -6.3179942e+00   2.3065019e+00  -3.6714200e+00  -9.5585092e-01   1.8300000e+02   9.0000000e+00   5.9600000e+02
   6.1702819e+00  -7.3132332e+00   4.8251589e+00   6.6873800e+00   1.8400000e+02   4.0000000e+00   1.5200000e+02
  -3.4833274e+00   3.5691200e-01  -1.2271003e+00  -8.0925461e+00   1.8500000e+02   1.0000000e+01   5.5000000e+02
  -1.4015718e+00   3.1506108e+00   7.8988335e+00   4.1190151e+00   1.8600000e+02   1.0000000e+01   1.4700000e+02
  -7.6368960e+00   4.1281446e+00   6.8312017e+00   5.6970485e+00   1.8700000e+02   9.0000000e+00   2.9500000e+02
  -2.9844651e+00   3.4292578e+00   3.2476372e+00   9.6195632e+00   1.8800000e+02   1.0000000e+01   5.0100000e+02
   6.0103410e-01  -7.4546793e+00  -9.4001610e+00  -9.0157364e+00   1.8900000e+02   3.0000000e+00   6.2500000e+02
   2.8888556e+00   7.6803347e+00  -5.8804897e+00  -7.9849898e+00   1.9000000e+02   1.5000000e+01   6.5000000e+01
  -2.0343554e+00  -8.7149271e-01  -4.1685936e+00  -9.7804182e+00   1.9100000e+02   6.0000000e+00   7.4400000e+02
   6.2622563e+00  -9.9716188e+00  -5.2753885e+00   2.9260391e+00   1.9200000e+02   4.0000000e+00   6.2100000e+02
  -7.6501430e+00  -9.8048270e+00  -3.6385185e+00  -3.0903456e-01   1.9300000e+02   1.0000000e+00   3.9000000e+02
   5.5448107e+00  -3.2693415e+00   2.5579276e+00   7.6497261e+00   1.9400000e+02   8.0000000e+00   3.4900000e+02
  -9.0310532e+00  -5.1370964e+00   8.1768162e-01   4.9831946e+00   1.9500000e+02   1.0000000e+00   3.5800000e+02
  -7.5213544e+00  -7.1368796e+00  -5.3034617e+00   3.4287359e+00   1.9600000e+02   1.0000000e+00   2.4600000e+02
  -2.6469416e+00  -2.5230467e+00   6.1702819e+00  -7.3132332e+00   1.9700000e+02   6.0000000e+00   4.0700000e+02
  -8.2666691e+00  -7.6776297e+00  -5.3034617e+00   3.4287359e+00   1.9800000e+02   1.0000000e+00   4.0900000e+02
   9.6869883e+00  -6.4204969e+00   6.0688437e-01   7.9239771e+00   1.9900000e+02   4.0000000e+00   6.5500000e+02
   9.7828982e+00  -5.1783189e+00  -5.7285693e-01  -4.6181691e+00   2.0000000e+02   4.0000000e+00   6.3600000e+02
  -7.5025448e+00   4.2331341e+00  -1.7314542e+00  -7.3243900e+00   2.0100000e+02   9.0000000e+00   5.1600000e+02
   5.2791416e+00  -6.2164066e+00   2.1971434e+00  -8.1930652e+00   2.0200000e+02   4.0000000e+00   3.0300000e+02
  -7.8611668e+00   4.3127081e+00  -2.0343554e+00  -8.7149271e-01   2.0300000e+02   9.0000000e+00   6.5000000e+02
   5.6885578e+00   2.2925392e+00   3.0739978e+00  -5.3641678e+00   2.0400000e+02   1.2000000e+01   4.2700000e+02
  -3.3412744e+00  -1.9722629e+00  -7.1594550e+00   6.5996486e+00   2.0500000e+02   6.0000000e+00   2.8100000e+02
   2.3894311e+00  -8.9712789e+00  -2.9108854e+00   7.6848557e+00   2.0600000e+02   3.0000000e+00   7.5200000e+02
  -5.2711013e+00  -6.8699631e+00   5.3384334e+00   8.6436671e+00   2.0700000e+02   1.0000000e+00   7.0100000e+02
  -2.4792449e-01   1.1998912e-01  -9.1540440e+00  -4.2583077e+00   2.0800000e+02   1.0000000e+01   4.4100000e+02
  -6.7773206e+00  -5.8479393e+00   9.3729866e+00  -9.6148505e+00   2.0900000e+02   1.0000000e+00   4.9800000e+02
  -3.6504045e+00  -3.6433389e+00  -2.4362773e+00   4.7712084e+00   2.1000000e+02   6.0000000e+00   4.7000000e+02
   7.6856205e+00   1.0708315e+00   3.6819213e+00  -4.2978383e+00   2.1100000e+02   1.2000000e+01   1.6700000e+02
   7.7193356e-01   7.2773645e+00  -9.1540440e+00  -4.2583077e+00   2.1200000e+02   1.5000000e+01   2.4100000e+02
  -2.9541183e-01   1.5211180e+00  -8.1700254e+00  -2.5055507e+00   2.1300000e+02   1.0000000e+01   3.7700000e+02
  -8.9005171e+00   1.8672372e+00   5.9670173e+00  -7.0430106e+00   2.1400000e+02   9.0000000e+00   1.8500000e+02
  -2.9093139e+00   7.1379266e+00   6.8275136e-01  -5.4758272e+00   2.1500000e+02   1.4000000e+01   6.7600000e+02
   5.8081444e+00  -3.5156016e+00  -9.9883500e-02  -4.8283550e+00   2.1600000e+02   8.0000000e+00   1.5600000e+02
  -9.6459618e-02   8.6222325e+00   9.4119705e+00   9.4299928e+00   2.1700000e+02   1.4000000e+01   1.8100000e+02
  -2.1058505e+00   6.2936338e+00   8.1272865e+00  -1.8725336e+00   2.1800000e+02   1.4000000e+01   1.3700000e+02
  -9.9883500e-02  -4.8283550e+00   4.4584505e+00  -8.2000237e+00   2.1900000e+02   6.0000000e+00   1.8300000e+02
   5.5448107e+00  -3.2693415e+00   9.4251763e+00  -9.1321906e+00   2.2000000e+02   8.0000000e+00   3.4900000e+02
   7.4785481e+00   5.3336400e+00   2.0998128e+00  -1.9206126e+00   2.2100000e+02   1.6000000e+01   2.4900000e+02
   8.7205465e+00   6.2058958e+00  -6.0750216e+00   5.7805785e+00   2.2200000e+02   1.6000000e+01   7.3900000e+02
   5.2285177e+00  -9.3364119e+00   5.5360139e-01   3.3980841e-01   2.2300000e+02   4.0000000e+00   3.4500000e+02
   7.7554191e+00   9.0183040e+00   6.4714895e+00   4.5772774e+00   2.2400000e+02   1.6000000e+01   1.4800000e+02
  -2.1829049e+00  -6.6621855e+00   3.5803351e+00   9.8316175e-01   2.2500000e+02   2.0000000e+00   7.2400000e+02
  -2.6768640e+00   5.6274800e+00  -2.9844651e+00   3.4292578e+00   2.2600000e+02   1.4000000e+01   7.8400000e+02
  -7.8169158e+00  -1.9228658e+00  -7.8815917e+00   5.6229054e+00   2.2700000e+02   5.0000000e+00   3.5200000e+02
  -4.7044195e+00   6.2190006e+00  -8.7996236e+00  -6.6078237e+00   2.2800000e+02   1.4000000e+01   8.9000000e+01
   1.7197407e+00  -9.1575256e-01  -9.1166886e+00  -9.2723594e+00   2.2900000e+02   7.0000000e+00   2.0700000e+02
  -8.5709437e+00   2.9025757e+00   7.5615716e-02   4.8973571e+00   2.3000000e+02   9.0000000e+00   3.2700000e+02
   1.1147589e+00   4.9274691e-01   2.5469300e+00  -8.1402215e+00   2.3100000e+02   1.1000000e+01   4.7600000e+02
  -8.3303437e+00   4.6854221e+00  -8.0281181e+00   5.8719805e-01   2.3200000e+02   9.0000000e+00   2.1000000e+02
  -3.7314202e+00   2.7855229e+00   6.6630397e+00  -5.3269371e+00   2.3300000e+02   1.0000000e+01   4.8300000e+02
   5.3465902e+00  -3.9130211e+00  -7.3139339e+00   1.1311150e+00   2.3400000e+02   8.0000000e+00   5.6900000e+02
  -7.7658851e+00   2.2694976e+00  -8.5151269e-01   7.6830612e+00   2.3500000e+02   9.0000000e+00   1.7800000e+02
  -4.1073550e-01   9.7594940e+00   2.9462296e+00  -9.0516344e-01   2.3600000e+02   1.4000000e+01   9.4000000e+01
  -9.1469518e+00   6.6444295e+00   5.4190844e+00   6.3800117e+00   2.3700000e+02   1.3000000e+01   2.3800000e+02
   8.9586624e+00   1.5697662e-01   4.4544908e+00   3.8880782e+00   2.3800000e+02   1.2000000e+01   2.5600000e+02
  -4.0530637e+00   1.8318882e+00  -2.9093139e+00   7.1379266e+00   2.3900000e+02   1.0000000e+01   3.4000000e+02
  -2.6469416e+00  -2.5230467e+00   1.7605211e+00   3.0916910e-01   2.4000000e+02   6.0000000e+00   4.0700000e+02
   8.9034823e+00   1.5351660e+00   5.3791653e+00  -4.4224878e+00   2.4100000e+02   1.2000000e+01   6.9000000e+01
  -8.3303437e+00   4.6854221e+00   6.1258608e-01  -7.0468845e+00   2.4200000e+02   9.0000000e+00   2.1000000e+02
   5.6747296e+00  -5.5937980e+00  -4.9041969e+00  -3.9267724e+00   2.4300000e+02   4.0000000e+00   6.4100000e+02
   3.9028100e+00   7.8726539e+00  -1.9522333e+00   6.5546435e+00   2.4400000e+02   1.5000000e+01   2.4000000e+01
  -2.0343554e+00  -8.7149271e-01  -8.9152103e+00  -4.8543443e+00   2.4500000e+02   6.0000000e+00   7.4400000e+02
   7.3349979e+00  -4.4243196e+00  -7.8167268e-01   6.7793919e+00   2.4600000e+02   8.0000000e+00   5.8500000e+02
   2.8143585e+00   6.4566142e-01  -3.4237157e+00  -4.4121607e+00   2.4700000e+02   1.1000000e+01   3.9100000e+02
   2.6353275e+00  -8.7878727e+00  -5.6796217e+00  -6.7220336e+00   2.4800000e+02   3.0000000e+00   4.6300000e+02
   1.6558193e+00  -5.9584981e+00   4.4209324e+00   5.6884619e+00   2.4900000e+02   3.0000000e+00   1.9000000e+02
  -2.0695841e+00  -3.6716097e+00   9.7974431e+00   1.4167685e+00   2.5000000e+02   6.0000000e+00   3.6800000e+02
   3.2087593e+00   9.1508623e+00   5.0808808e-01  -4.3323124e+00   2.5100000e+02   1.5000000e+01   7.7100000e+02
  -6.2507839e+00   6.7411289e+00   6.1702819e+00  -7.3132332e+00   2.5200000e+02   1.3000000e+01   4.3800000e+02
  -6.9630895e+00  -3.1671179e+00  -2.2645761e+00   6.0074418e+00   2.5300000e+02   5.0000000e+00   4.1700000e+02
   7.0142535e+00   7.6801637e-02  -9.4814917e-01  -8.9227415e+00   2.5400000e+02   1.2000000e+01   1.8600000e+02
  -3.4237157e+00  -4.4121607e+00   1.0458268e+00   3.3808518e+00   2.5500000e+02   6.0000000e+00   3.9200000e+02
   7.4222224e+00  -7.3237803e+00  -1.3503001e+00  -5.2926645e+00   2.5600000e+02   4.0000000e+00   5.0000000e+02
   3.5946780e+00  -9.2163103e+00   8.4735123e+00  -4.1030909e-01   2.5700000e+02   3.0000000e+00   5.4400000e+02
  -7.9197685e+00  -1.2734585e+00   7.3386058e+00  -8.8613423e+00   2.5800000e+02   5.0000000e+00   3.1700000e+02
   7.9697228e+00  -9.8661524e-02   2.0706688e+00   1.4652077e+00   2.5900000e+02   8.0000000e+00   2.9400000e+02
   9.2706057e+00  -2.9997216e+00  -9.7932676e+00  -5.1699652e+00   2.6000000e+02   8.0000000e+00   7.9100000e+02
   5.6103931e+00   7.5559814e+00   4.4990612e-01   7.6567521e+00   2.6100000e+02   1.6000000e+01   3.1000000e+01
  -2.0472396e-01   7.0985188e+00   3.0762405e+00   8.9246031e+00   2.6200000e+02   1.4000000e+01   7.0900000e+02
   7.8889551e+00   3.8563683e+00  -7.4869083e+00   8.1890911e+00   2.6300000e+02   1.2000000e+01   7.3100000e+02
  -8.6610748e+00   6.8273820e+00   2.4743283e+00   6.6225915e+00   2.6400000e+02   1.3000000e+01   6.3700000e+02
  -2.9956397e+00   1.8636915e+00   1.6289298e+00  -2.2013869e+00   2.6500000e+02   1.0000000e+01   7.9000000e+01
  -8.3303437e+00   4.6854221e+00   7.6856205e+00   1.0708315e+00   2.6600000e+02   9.0000000e+00   2.1000000e+02
   8.6881024e+00   6.7939484e+00   5.4544426e+00   8.2213411e+00   2.6700000e+02   1.6000000e+01   2.6900000e+02
   3.5946780e+00  -9.2163103e+00   4.8509073e+00   5.7928741e+00   2.6800000e+02   3.0000000e+00   5.4400000e+02
   2.5579276e+00   7.6497261e+00  -8.1325897e+00   7.1275382e+00   2.6900000e+02   1.5000000e+01   1.1000000e+02
   6.2907955e+00  -9.6665057e+00   9.7974431e+00   1.4167685e+00   2.7000000e+02   4.0000000e+00   5.7700000e+02
   1.6449833e+00  -1.8654617e+00  -3.4449008e+00  -9.9931708e+00   2.7100000e+02   7.0000000e+00   8.6000000e+01
  -5.1904321e+00  -3.8172715e+00   2.9523526e+00   8.8746308e+00   2.7200000e+02   5.0000000e+00   5.2400000e+02
   4.8006466e+00  -9.5028953e+00   2.2692147e+00  -8.5589690e+00   2.7300000e+02   3.0000000e+00   3.9600000e+02
   1.5098972e+00  -9.0067710e-01  -6.1594330e+00  -7.5437001e+00   2.7400000e+02   7.0000000e+00   6.2400000e+02
  -1.6190341e+00   8.1100850e-01   3.7559217e+00  -1.2298235e+00   2.7500000e+02   1.0000000e+01   5.7300000e+02
  -7.9693222e+00   2.1960365e+00  -2.3730959e+00   3.5374219e+00   2.7600000e+02   9.0000000e+00   7.2300000e+02
  -9.1166886e+00  -9.2723594e+00   3.1114635e+00   9.7687853e+00   2.7700000e+02   1.0000000e+00   7.1300000e+02
   7.2088113e+00  -9.6108581e-01  -3.5505639e+00  -5.8750569e-01   2.7800000e+02   8.0000000e+00   2.6800000e+02
   8.6522714e+00  -2.0741950e+00   4.9964442e+00  -2.3086621e+00   2.7900000e+02   8.0000000e+00   5.5900000e+02
   3.4252874e+00   7.9810188e-01  -1.1207169e+00   3.2352983e+00   2.8000000e+02   1.1000000e+01   1.5900000e+02
  -8.6401446e+00  -8.9041642e+00   2.0998128e+00  -1.9206126e+00   2.8100000e+02   1.0000000e+00   2.5000000e+01
  -6.3179942e+00   2.3065019e+00   2.1477843e+00  -2.7508144e+00   2.8200000e+02   9.0000000e+00   5.9600000e+02
  -8.2753094e+00  -9.9352375e-01   6.8642668e+00  -1.6274917e+00   2.8300000e+02   5.0000000e+00   4.0100000e+02
   5.9670173e+00  -7.0430106e+00   1.0452323e+00   5.1044080e+00   2.8400000e+02   4.0000000e+00   3.8400000e+02
  -2.1829049e+00  -6.6621855e+00   7.5409745e+00  -5.1479323e+00   2.8500000e+02   2.0000000e+00   7.2400000e+02
  -4.8441550e+00   8.9621747e+00  -9.8039550e+00  -3.0747857e+00   2.8600000e+02   1.4000000e+01   4.8800000e+02
   2.4134389e+00  -2.1317699e+00  -5.4457435e+00   5.6089189e+00   2.8700000e+02   7.0000000e+00   4.9500000e+02
  -9.8039550e+00  -3.0747857e+00  -5.8865096e+00   9.5953045e+00   2.8800000e+02   5.0000000e+00   6.8800000e+02
   2.5187525e+00  -3.0486570e+00  -1.5138101e+00   1.2384031e+00   2.8900000e+02   7.0000000e+00   6.4500000e+02
  -7.8236412e+00   2.2817878e-01   4.7253491e+00  -9.4778578e+00   2.9000000e+02   9.0000000e+00   4.6200000e+02
  -1.4015718e+00   3.1506108e+00  -2.6836765e+00   7.9930198e+00   2.9100000e+02   1.0000000e+01   1.4700000e+02
   7.5802781e+00  -1.4417816e+00  -8.6401446e+00  -8.9041642e+00   2.9200000e+02   8.0000000e+00   1.9200000e+02
  -6.1350934e+00  -9.3026860e+00   2.3894311e+00  -8.9712789e+00   2.9300000e+02   1.0000000e+00   7.1000000e+02
   3.4361633e+00   3.7244693e+00   3.9032608e+00  -8.0460416e+00   2.9400000e+02   1.1000000e+01   2.3000000e+01
  -3.4237157e+00  -4.4121607e+00  -6.2185565e+00  -1.2964891e+00   2.9500000e+02   6.0000000e+00   3.9200000e+02
  -2.8154358e+00  -1.2435964e+00  -8.7319100e+00   3.1182764e+00   2.9600000e+02   6.0000000e+00   1.3500000e+02
   1.7641877e+00   4.6281494e+00  -7.9037352e+00   3.3182135e-02   2.9700000e+02   1.1000000e+01   7.8300000e+02
   4.3042503e+00   6.1928905e-01  -3.6495883e+00   3.0023605e+00   2.9800000e+02   1.1000000e+01   5.7100000e+02
  -8.2753094e+00  -9.9352375e-01   3.5224461e+00   5.8936431e+00   2.9900000e+02   5.0000000e+00   4.0100000e+02
  -2.9541183e-01   1.5211180e+00   4.3914027e+00  -7.5194817e+00   3.0000000e+02   1.0000000e+01   3.7700000e+02
  -5.3028014e-01  -3.8450884e+00  -9.6521530e-01  -6.5479100e+00   3.0100000e+02   6.0000000e+00   4.8000000e+01
   6.1840770e+00   5.2734665e+00  -3.8217081e+00   2.2173796e+00   3.0200000e+02   1.6000000e+01   5.4600000e+02
   2.0434098e+00   8.4548914e+00  -3.9738787e+00  -1.1230833e+00   3.0300000e+02   1.5000000e+01   3.4000000e+01
  -6.2267605e+00  -3.9836196e+00  -9.7932676e+00  -5.1699652e+00   3.0400000e+02   5.0000000e+00   5.8000000e+01
   5.6386393e+00   8.6579579e+00  -5.7285693e-01  -4.6181691e+00   3.0500000e+02   1.6000000e+01   4.1800000e+02
   5.4057103e+00  -2.5493152e+00  -3.3828424e+00   9.3107586e-01   3.0600000e+02   8.0000000e+00   7.8000000e+01
   9.6869883e+00  -6.4204969e+00  -7.3478843e-01   9.8471795e+00   3.0700000e+02   4.0000000e+00   6.5500000e+02
   9.6869883e+00  -6.4204969e+00   4.5732336e+00  -1.1873064e+00   3.0800000e+02   4.0000000e+00   6.5500000e+02
   5.7814703e+00   6.0184176e+00  -5.7970873e+00  -3.5169159e+00   3.0900000e+02   1.6000000e+01   5.7800000e+02
   7.2227962e+00   6.5315778e+00   2.7863392e+00   7.2829506e+00   3.1000000e+02   1.6000000e+01   1.2000000e+02
   4.8737668e+00  -6.2685711e+00   9.2706057e+00  -2.9997216e+00   3.1100000e+02   3.0000000e+00   5.2800000e+02
   2.8388124e+00  -6.2844347e+00   3.8950439e+00  -1.0396057e+00   3.1200000e+02   3.0000000e+00   4.1500000e+02
   4.6210166e+00  -7.4892754e+00   5.0389279e+00   9.2774026e+00   3.1300000e+02   3.0000000e+00   7.7900000e+02
   3.0738027e+00   9.4967230e+00   6.2230177e+00   9.9865896e+00   3.1400000e+02   1.5000000e+01   5.2000000e+02
   5.6747296e+00  -5.5937980e+00  -9.0093484e+00   3.4233247e+00   3.1500000e+02   4.0000000e+00   6.4100000e+02
   5.6275410e+00  -6.4837654e+00   7.9438270e+00  -2.5827056e+00   3.1600000e+02   4.0000000e+00   3.6400000e+02
   2.6214000e+00   6.4852965e-01   2.1573181e+00  -1.2192559e+00   3.1700000e+02   1.1000000e+01   3.4600000e+02
   3.2476372e+00   9.6195632e+00   4.4634696e+00   8.0211665e-01   3.1800000e+02   1.5000000e+01   6.6100000e+02
   3.5803351e+00   9.8316175e-01   9.6869883e+00  -6.4204969e+00   3.1900000e+02   1.1000000e+01   6.7000000e+01
  -1.0325418e+00  -5.8865532e+00  -1.6768282e+00   8.6700322e+00   3.2000000e+02   2.0000000e+00   1.0700000e+02
   4.0809486e+00  -5.0754377e+00  -1.5138101e+00   1.2384031e+00   3.2100000e+02   3.0000000e+00   1.3900000e+02
   8.1030712e+00  -2.4797777e+00  -3.0424161e+00  -8.2636980e+00   3.2200000e+02   8.0000000e+00   3.1300000e+02
  -1.7681297e+00  -7.7838136e+00  -6.4825117e+00   7.7755469e-02   3.2300000e+02   2.0000000e+00   6.6600000e+02
   7.7071890e+00   7.3575609e-01   5.6386393e+00   8.6579579e+00   3.2400000e+02   1.2000000e+01   6.4300000e+02
  -6.9455760e+00  -7.2255073e+00   8.6881024e+00   6.7939484e+00   3.2500000e+02   1.0000000e+00   4.9000000e+01
   1.2372285e+00   9.0935655e+00  -9.6084475e+00  -2.4861572e+00   3.2600000e+02   1.5000000e+01   3.2000000e+02
   6.1744514e-01  -2.0578231e+00   1.7605211e+00   3.0916910e-01   3.2700000e+02   7.0000000e+00   4.2200000e+02
  -8.1325897e+00   7.1275382e+00  -8.9076677e+00  -6.2381585e+00   3.2800000e+02   1.3000000e+01   3.3400000e+02
   5.1865477e+00   5.1753253e+00  -6.9281925e+00  -6.1246813e+00   3.2900000e+02   1.6000000e+01   5.2600000e+02
  -4.1170273e+00  -6.6046587e+00  -7.4422324e+00   5.2309237e+00   3.3000000e+02   2.0000000e+00   5.0300000e+02
  -7.5383250e+00  -8.8731396e+00  -2.8696660e-01   4.8073094e+00   3.3100000e+02   1.0000000e+00   2.3400000e+02
   2.6214000e+00   6.4852965e-01  -4.8711802e+00   3.0770118e+00   3.3200000e+02   1.1000000e+01   3.4600000e+02
   5.4285484e-01  -7.5668309e+00   4.5155053e+00  -2.4677784e+00   3.3300000e+02   3.0000000e+00   1.3000000e+01
   7.5409745e+00  -5.1479323e+00   3.0490215e+00  -5.7796270e-01   3.3400000e+02   4.0000000e+00   7.8800000e+02
   3.7559217e+00  -1.2298235e+00  -8.8119341e+00  -4.8947559e+00   3.3500000e+02   7.0000000e+00   1.3400000e+02
   2.2692147e+00  -8.5589690e+00   7.7554191e+00   9.0183040e+00   3.3600000e+02   3.0000000e+00   8.5000000e+01
   4.1383484e+00  -8.5182085e+00  -5.7593831e+00   4.2081737e+00   3.3700000e+02   3.0000000e+00   2.9800000e+02
   3.4252874e+00   7.9810188e-01  -4.3626629e+00   4.0258831e-01   3.3800000e+02   1.1000000e+01   1.5900000e+02
  -3.4237157e+00  -4.4121607e+00  -2.6836765e+00   7.9930198e+00   3.3900000e+02   6.0000000e+00   3.9200000e+02
   5.7111798e+00   3.6013106e+00  -1.8609033e+00  -1.6387493e-01   3.4000000e+02   1.2000000e+01   2.7200000e+02
   9.0834891e+00  -5.6143282e+00  -3.7611989e+00  -7.1218334e+00   3.4100000e+02   4.0000000e+00   7.6200000e+02
   2.3667477e+00  -3.4940202e+00  -6.2267605e+00  -3.9836196e+00   3.4200000e+02   7.0000000e+00   7.3700000e+02
   5.6947859e+00   1.2142682e+00  -9.9895525e+00   2.4011011e+00   3.4300000e+02   1.2000000e+01   4.3000000e+01
   2.0998128e+00  -1.9206126e+00  -5.7285693e-01  -4.6181691e+00   3.4400000e+02   7.0000000e+00   5.9100000e+02
   5.3805817e+00  -7.8133152e+00  -3.2380456e+00  -9.0252281e+00   3.4500000e+02   4.0000000e+00   2.1600000e+02
  -3.3581433e+00   8.1819638e+00  -4.3798939e+00  -6.9553197e+00   3.4600000e+02   1.4000000e+01   3.3900000e+02
  -4.6764232e+00   9.4215046e+00  -3.2208864e+00  -4.9103831e+00   3.4700000e+02   1.4000000e+01   4.3900000e+02
  -1.7219850e+00   7.1433742e+00  -3.4486913e+00  -9.7663802e+00   3.4800000e+02   1.4000000e+01   7.5500000e+02
  -3.8526620e+00  -1.9513290e+00  -9.9724606e-01   8.7426933e+00   3.4900000e+02   6.0000000e+00   3.3500000e+02
  -2.0811323e-01   7.8453438e+00  -7.5213544e+00  -7.1368796e+00   3.5000000e+02   1.4000000e+01   7.8700000e+02
   3.9032608e+00  -8.0460416e+00  -4.2404605e+00  -2.7925805e+00   3.5100000e+02   3.0000000e+00   2.4200000e+02
   8.4219451e+00   1.1711807e+00   6.8385831e+00   3.3692855e+00   3.5200000e+02   1.2000000e+01   5.6100000e+02
   6.4714895e+00   4.5772774e+00   3.5022483e+00   6.7681154e+00   3.5300000e+02   1.2000000e+01   5.3400000e+02
   3.8950439e+00  -1.0396057e+00   4.7568331e+00   8.8383786e+00   3.5400000e+02   7.0000000e+00   4.3200000e+02
   8.6522714e+00  -2.0741950e+00  -9.1469518e+00   6.6444295e+00   3.5500000e+02   8.0000000e+00   5.5900000e+02
   6.4714895e+00   4.5772774e+00  -3.1775079e+00  -4.8854132e-01   3.5600000e+02   1.2000000e+01   5.3400000e+02
  -1.5138101e+00   1.2384031e+00   2.7039583e+00   2.3478034e+00   3.5700000e+02   1.0000000e+01   1.4300000e+02
  -7.8840345e+00   1.9773621e+00  -7.5101682e-01   9.6955247e+00   3.5800000e+02   9.0000000e+00   1.0300000e+02
   6.2230177e+00   9.9865896e+00   1.9588327e+00   3.0008150e+00   3.5900000e+02   1.6000000e+01   8.0000000e+02
  -2.1058505e+00   6.2936338e+00  -6.3876622e+00   9.0820557e+00   3.6000000e+02   1.4000000e+01   1.3700000e+02
  -5.5191994e+00  -9.0761689e+00   6.6484677e+00  -4.7840563e-01   3.6100000e+02   1.0000000e+00   2.7000000e+01
   2.1971434e+00  -8.1930652e+00  -5.2753885e+00   2.9260391e+00   3.6200000e+02   3.0000000e+00   4.4900000e+02
  -7.8422219e+00   7.9084703e+00   2.8888556e+00   7.6803347e+00   3.6300000e+02   1.3000000e+01   7.0600000e+02
  -6.7286018e+00   6.1798053e+00  -2.3338736e+00  -9.3922946e+00   3.6400000e+02   1.3000000e+01   5.3600000e+02
   5.1015420e+00  -8.7906646e+00  -8.9076677e+00  -6.2381585e+00   3.6500000e+02   4.0000000e+00   1.5300000e+02
   9.7683586e+00  -5.1285325e+00  -4.1685936e+00  -9.7804182e+00   3.6600000e+02   4.0000000e+00   2.9600000e+02
  -8.7681867e+00   3.9923397e+00   7.3988206e+00   8.6745132e+00   3.6700000e+02   9.0000000e+00   3.6900000e+02
   7.5615716e-02   4.8973571e+00   3.2476372e+00   9.6195632e+00   3.6800000e+02   1.1000000e+01   7.8600000e+02
  -3.0457466e+00   1.4947432e+00   7.1787763e+00   1.0777413e+00   3.6900000e+02   1.0000000e+01   1.2600000e+02
   4.5220886e+00   7.9996559e+00  -7.0697018e+00  -9.6075787e+00   3.7000000e+02   1.5000000e+01   6.8500000e+02
  -7.5025448e+00   4.2331341e+00  -2.5927463e+00   7.5436350e+00   3.7100000e+02   9.0000000e+00   5.1600000e+02
  -7.0320117e-01  -9.9739886e+00  -4.6705702e+00  -4.8430766e+00   3.7200000e+02   2.0000000e+00   3.0200000e+02
   5.1015420e+00  -8.7906646e+00  -1.5130192e+00   4.3135613e+00   3.7300000e+02   4.0000000e+00   1.5300000e+02
  -9.0729747e+00  -1.1520421e+00  -6.4998053e+00  -3.2928350e-02   3.7400000e+02   5.0000000e+00   3.4300000e+02
   3.6743114e+00   3.4454047e+00  -3.7314202e+00   2.7855229e+00   3.7500000e+02   1.1000000e+01   3.8600000e+02
   2.9462296e+00  -9.0516344e-01  -5.2525396e+00  -6.9610584e+00   3.7600000e+02   7.0000000e+00   9.7000000e+01
  -5.6487338e+00   5.0445594e+00  -8.7996236e+00  -6.6078237e+00   3.7700000e+02   1.3000000e+01   4.7200000e+02
  -9.6459618e-02   8.6222325e+00   5.0389279e+00   9.2774026e+00   3.7800000e+02   1.4000000e+01   1.8100000e+02
  -8.8659062e+00   1.9777122e+00  -4.4986049e+00  -9.8270462e+00   3.7900000e+02   9.0000000e+00   3.0800000e+02
  -7.1594550e+00   6.5996486e+00  -9.0093484e+00   3.4233247e+00   3.8000000e+02   1.3000000e+01   4.6700000e+02
  -3.8114176e-02   3.8960658e+00  -4.8922652e+00  -1.9299722e+00   3.8100000e+02   1.0000000e+01   2.0200000e+02
  -6.1497921e+00  -8.8804769e+00   3.4658983e+00   2.4052007e+00   3.8200000e+02   1.0000000e+00   2.3300000e+02
  -1.9563203e+00  -1.1494008e+00   4.9109215e+00  -6.5229393e+00   3.8300000e+02   6.0000000e+00   4.9400000e+02
   4.5950371e+00   8.9042697e+00  -3.1775079e+00  -4.8854132e-01   3.8400000e+02   1.5000000e+01   2.1300000e+02
  -3.2660147e+00   9.9895572e+00   6.0103410e-01  -7.4546793e+00   3.8500000e+02   1.4000000e+01   6.6000000e+02
  -2.0811323e-01   7.8453438e+00   7.1787763e+00   1.0777413e+00   3.8600000e+02   1.4000000e+01   7.8700000e+02
   7.3349979e+00  -4.4243196e+00  -6.5913595e+00   1.6943724e+00   3.8700000e+02   8.0000000e+00   5.8500000e+02
  -7.3213750e+00   7.3377411e+00  -9.4973003e+00  -1.8508852e+00   3.8800000e+02   1.3000000e+01   2.7600000e+02
  -6.6349740e+00   7.1751807e+00  -4.8711802e+00   3.0770118e+00   3.8900000e+02   1.3000000e+01   4.6800000e+02
   8.1478674e-01   3.3386307e+00  -7.8840345e+00   1.9773621e+00   3.9000000e+02   1.1000000e+01   8.7000000e+01
   2.5658264e-02  -8.1074226e+00   5.9566052e+00   6.9274578e+00   3.9100000e+02   3.0000000e+00   7.2600000e+02
   5.3384334e+00   8.6436671e+00  -7.7929304e+00  -4.8643087e+00   3.9200000e+02   1.6000000e+01   7.0400000e+02
   9.6869883e+00  -6.4204969e+00  -9.1166886e+00  -9.2723594e+00   3.9300000e+02   4.0000000e+00   6.5500000e+02
   3.3283243e+00   5.5110928e+00   3.6767723e+00  -2.2200428e-01   3.9400000e+02   1.5000000e+01   2.0900000e+02
   1.1147589e+00   4.9274691e-01   9.9400654e+00  -3.4632070e+00   3.9500000e+02   1.1000000e+01   4.7600000e+02
   9.1538788e+00  -3.1525299e+00  -3.5505639e+00  -5.8750569e-01   3.9600000e+02   8.0000000e+00   1.9000000e+01
  -8.7590956e+00  -3.3485719e+00  -4.2500365e+00   8.7881943e+00   3.9700000e+02   5.0000000e+00   3.4100000e+02
  -5.8307728e+00   8.3364254e+00   4.1856341e+00  -1.0693804e+00   3.9800000e+02   1.3000000e+01   2.5100000e+02
  -9.1109182e+00   7.6881009e+00  -9.6364493e+00   9.2722440e+00   3.9900000e+02   1.3000000e+01   1.3000000e+02
  -4.5945915e+00  -2.0835554e+00  -1.7219850e+00   7.1433742e+00   4.0000000e+02   6.0000000e+00   1.4400000e+02
