   5.4928027e-01
   1.1676266e+00
   1.8246750e+00
   2.5091257e+00
   3.2146625e+00
   3.9372136e+00
   4.6739333e+00
   5.4227234e+00
   6.1819770e+00
   6.9504264e+00
   7.7270487e+00
   8.5110028e+00
   9.3015861e+00
   1.0098204e+01
   1.0900348e+01
   1.1707579e+01
   1.2519512e+01
   1.3335812e+01
   1.4156182e+01
   1.4980355e+01
   1.5808097e+01
   1.6639193e+01
   1.7473451e+01
   1.8310698e+01
   1.9150774e+01
   1.9993534e+01
   2.0838846e+01
   2.1686588e+01
   2.2536647e+01
   2.3388918e+01
   2.4243306e+01
   2.5099721e+01
   2.5958079e+01
   2.6818303e+01
   2.7680321e+01
   2.8544063e+01
   2.9409466e+01
   3.0276471e+01
   3.1145021e+01
   3.2015062e+01
