   4.7287080e-01
   1.0398802e+00
   1.6578609e+00
   2.3108906e+00
   2.9902689e+00
   3.6905090e+00
   4.4078511e+00
   5.1395715e+00
   5.8836152e+00
   6.6383836e+00
   7.4026019e+00
   8.1752330e+00
   8.9554195e+00
   9.7424419e+00
   1.0535690e+01
   1.1334639e+01
   1.2138836e+01
   1.2947885e+01
   1.3761437e+01
   1.4579186e+01
   1.5400857e+01
   1.6226203e+01
   1.7055006e+01
   1.7887065e+01
   1.8722201e+01
   1.9560247e+01
   2.0401055e+01
   2.1244487e+01
   2.2090415e+01
   2.2938724e+01
   2.3789305e+01
   2.4642060e+01
   2.5496894e+01
   2.6353722e+01
   2.7212463e+01
   2.8073043e+01
   2.8935391e+01
   2.9799440e+01
   3.0665130e+01
   3.1532401e+01
