   2.2360680e-01
   6.4163965e-01
   1.1575742e+00
   1.7344734e+00
   2.3539385e+00
   3.0052735e+00
   3.6816193e+00
   4.3782687e+00
   5.0918264e+00
   5.8197485e+00
   6.5600710e+00
   7.3112400e+00
   8.0720012e+00
   8.8413247e+00
   9.6183526e+00
   1.0402361e+01
   1.1192734e+01
   1.1988939e+01
   1.2790515e+01
   1.3597060e+01
   1.4408217e+01
   1.5223671e+01
   1.6043143e+01
   1.6866381e+01
   1.7693158e+01
   1.8523270e+01
   1.9356532e+01
   2.0192774e+01
   2.1031843e+01
   2.1873596e+01
   2.2717905e+01
   2.3564648e+01
   2.4413716e+01
   2.5265005e+01
   2.6118420e+01
   2.6973873e+01
   2.7831281e+01
   2.8690567e+01
   2.9551658e+01
   3.0414487e+01
