   6.5183634e-01
   1.3449054e+00
   2.0621570e+00
   2.7971868e+00
   3.5463292e+00
   4.3071620e+00
   5.0779514e+00
   5.8573909e+00
   6.6444592e+00
   7.4383352e+00
   8.2383453e+00
   9.0439264e+00
   9.8546014e+00
   1.0669961e+01
   1.1489651e+01
   1.2313361e+01
   1.3140819e+01
   1.3971781e+01
   1.4806031e+01
   1.5643376e+01
   1.6483639e+01
   1.7326664e+01
   1.8172304e+01
   1.9020428e+01
   1.9870916e+01
   2.0723657e+01
   2.1578547e+01
   2.2435492e+01
   2.3294405e+01
   2.4155203e+01
   2.5017812e+01
   2.5882159e+01
   2.6748179e+01
   2.7615810e+01
   2.8484993e+01
   2.9355674e+01
   3.0227801e+01
   3.1101325e+01
   3.1976201e+01
   3.2852384e+01
