   6.0696223e-01
   1.2664851e+00
   1.9562331e+00
   2.6678454e+00
   3.3965812e+00
   4.1393385e+00
   4.8939192e+00
   5.6586818e+00
   6.4323544e+00
   7.2139229e+00
   8.0025613e+00
   8.7975841e+00
   9.5984142e+00
   1.0404560e+01
   1.1215597e+01
   1.2031158e+01
   1.2850918e+01
   1.3674593e+01
   1.4501928e+01
   1.5332698e+01
   1.6166699e+01
   1.7003746e+01
   1.7843673e+01
   1.8686328e+01
   1.9531573e+01
   2.0379280e+01
   2.1229334e+01
   2.2081625e+01
   2.2936055e+01
   2.3792531e+01
   2.4650968e+01
   2.5511286e+01
   2.6373409e+01
   2.7237270e+01
   2.8102801e+01
   2.8969943e+01
   2.9838638e+01
   3.0708831e+01
   3.1580473e+01
   3.2453513e+01
