  -7.5000000e+00  -7.5000000e+00
  -2.5000000e+00  -7.5000000e+00
   2.5000000e+00  -7.5000000e+00
   7.5000000e+00  -7.5000000e+00
  -7.5000000e+00  -2.5000000e+00
  -2.5000000e+00  -2.5000000e+00
   2.5000000e+00  -2.5000000e+00
   7.5000000e+00  -2.5000000e+00
  -7.5000000e+00   2.5000000e+00
  -2.5000000e+00   2.5000000e+00
   2.5000000e+00   2.5000000e+00
   7.5000000e+00   2.5000000e+00
  -7.5000000e+00   7.5000000e+00
  -2.5000000e+00   7.5000000e+00
   2.5000000e+00   7.5000000e+00
   7.5000000e+00   7.5000000e+00
